err: 1.567950578064239
std: 1.4446755269563738
CJS time: 14.18036