err: 1.689719219844818
std: 1.57669088647778
CJS time: 14.93809