err: 2.2740856918111865
std: 2.047872656039803
CJS time: 14.76472