err: 1.564832509724529
std: 1.4586861689131836
CJS time: 15.74529