err: 1.6440006832353844
std: 1.6158836480008596
CJS time: 15.69205