err: 1.807193703095447
std: 1.6495827676769035
CJS time: 14.0867