err: 1.5358579703923758
std: 1.403857066780574
CJS time: 14.67905