err: 1.6715734500780144
std: 1.5690721902227132
CJS time: 14.9462