err: 1.6033550518243012
std: 1.5396470124562631
CJS time: 14.79483