err: 2.0375209879152596
std: 1.9415478982783014
CJS time: 13.90282