err: 1.6307961371890187
std: 1.4518870428562751
CJS time: 14.89708