err: 3.9412739363291336
std: 3.6225409926628123
CJS time: 11.87239