err: 0.1119375768879494
std: 0.0657807038170436
CJS time: 0.5640261