err: 0.01848057646333487
std: 0.012381281822835563
CJS time: 0.568486