err: 0.13083717900499478
std: 0.0854022107824394
CJS time: 0.5865378