err: 0.6110166794124393
std: 0.3447407875573867
CJS time: 1.146431