err: 0.6112599208463558
std: 0.3444733029501173
CJS time: 1.053667