err: 0.6101816422144088
std: 0.3448093786541646
CJS time: 1.164686