err: 0.6108812695473242
std: 0.3445539062143082
CJS time: 1.050498