err: 0.6110242673421284
std: 0.3438666136724312
CJS time: 1.143727