err: 0.61454055293608
std: 0.34346504544068607
CJS time: 1.03179