err: 0.6095979167224418
std: 0.34647175547321946
CJS time: 1.162007