err: 0.6123084902905493
std: 0.34326948496347126
CJS time: 1.250415