err: 0.6108698187824206
std: 0.34445000690078875
CJS time: 1.076119