err: 0.6111675905436419
std: 0.3434204640127194
CJS time: 1.081909