err: 0.6115185102738862
std: 0.34449554847846947
CJS time: 1.098313