err: 0.0590145228905442
std: 0.01344065268127696
CJS time: 1.103067