err: 0.05866321367774311
std: 0.013879786368435341
CJS time: 1.14211