err: 0.05921353329652535
std: 0.013619835053724175
CJS time: 1.014179