err: 0.05923462044399158
std: 0.013678093671331867
CJS time: 0.9911125