err: 0.048777050663248396
std: 0.011428132651638424
CJS time: 0.9645181