err: 0.05861867240553346
std: 0.014101941470127924
CJS time: 1.110028