err: 0.05925073023524918
std: 0.013740233319853428
CJS time: 0.9488428