err: 0.05945872314804427
std: 0.01401469939386197
CJS time: 0.9241841