err: 0.05921322191733255
std: 0.013622947271403556
CJS time: 1.06279