err: 0.05914370342350148
std: 0.013637117832272387
CJS time: 0.9462276