err: 7506589139.997696
std: 12114815289.263466
CJS time: 14.49234