err: 5594678.628346341
std: 8602142.136432933
CJS time: 17.56317