err: 61196969683.5483
std: 155818761017.50644
CJS time: 13.86534