err: 0.013398561205706552
std: 0.0065873185982328435
CJS time: 3.414082