err: 0.014542609852496677
std: 0.007100390074733104
CJS time: 3.549329