err: 0.014749841848370396
std: 0.007013400830402447
CJS time: 3.415384