err: 0.014761524408595674
std: 0.006965237766669051
CJS time: 3.17395