err: 0.014964379623000311
std: 0.007188922093105073
CJS time: 3.406656