err: 0.2812905879980374
std: 0.25704686983130853
CJS time: 1.246025