err: 0.13300853456832265
std: 0.08755264654543878
CJS time: 1.151784