err: 0.1661353056096356
std: 0.12493309767011573
CJS time: 1.117902