err: 0.18009284546243406
std: 0.14381886591156587
CJS time: 1.11324