err: 0.18129897386949387
std: 0.14314644478931304
CJS time: 1.227799