err: 0.1512976013854388
std: 0.1085148730176559
CJS time: 1.112075