err: 0.2658245774022247
std: 0.22020864616754954
CJS time: 1.233189