err: 2.023700388349268
std: 1.2068986249645224
CJS time: 2.041268