err: 1.56826804055717
std: 1.176921516281297
CJS time: 1.676603