err: 1.70618237635212
std: 1.2495316290594283
CJS time: 1.867649