err: 1.6080201210694696
std: 1.1820653246069681
CJS time: 1.807618