err: 0.047019250292279956
std: 0.07203683603197553
CJS time: 4.61212