err: 0.05699065551515118
std: 0.08613423512066631
CJS time: 5.113237