err: 0.06834786483810888
std: 0.12821322079644595
CJS time: 4.846335