err: 0.04038062905197671
std: 0.06621651070034018
CJS time: 4.674835