err: 0.021321693559435403
std: 0.024806945422068058
CJS time: 4.323328