err: 0.06518166498298636
std: 0.12823650774803982
CJS time: 5.193197