err: 3.3574732509152734e+22
std: 6.515409806345608e+22
CJS time: 1.935127