err: 121305157331.77533
std: 271246577795.10785
CJS time: 1.960068