err: 28319059222.987854
std: 63323341469.590614
CJS time: 1.94632