err: 7.038864674600015e+33
std: 1.5739379896827574e+34
CJS time: 2.023816