err: 1.7804587138053196
std: 1.6279072217616022
CJS time: 4.238405