err: 3.615528404878988
std: 3.1714055408745665
CJS time: 3.731728