err: 1.5568491494957273
std: 1.4680215209179537
CJS time: 4.616969