err: 1.617198626196608
std: 1.5383761696098577
CJS time: 4.591265