err: 1.6214808379916588
std: 1.4948324540658142
CJS time: 4.240028