err: 1.5126946362438387
std: 1.4220513551104415
CJS time: 4.380904