err: 0.06969319154645241
std: 0.13331434378390167
CJS time: 6.237374