err: 0.021639494092135697
std: 0.024666526493596685
CJS time: 6.128034