err: 0.03872249530562461
std: 0.058831729900796194
CJS time: 6.381087