err: 0.07075189416453687
std: 0.1344200227247949
CJS time: 6.543627