err: 0.06670416445024657
std: 0.12019707927886532
CJS time: 8.215064