err: 2.343485679822516
std: 2.654104782722339
CJS time: 0.8019116