err: 2.34318026739914
std: 2.6537474393637046
CJS time: 0.8000696