err: 0.6106057288631532
std: 0.3433138853764836
CJS time: 36.66039