err: 0.6109552115309604
std: 0.3425854231962808
CJS time: 35.53831