err: 0.6107287485016407
std: 0.343795120483628
CJS time: 33.04501