err: 0.6113049644574142
std: 0.34495515540668364
CJS time: 32.06299