err: 0.6120407829587208
std: 0.3430641994333458
CJS time: 45.58501