err: 0.6123774486585177
std: 0.3453959853448801
CJS time: 36.38226