err: 0.6129718465793488
std: 0.34245833519006785
CJS time: 38.62768