err: 0.6117202850719536
std: 0.34392575378986256
CJS time: 34.89768