err: 0.612024343329361
std: 0.34306151838558807
CJS time: 37.49928