err: 0.6118765919408004
std: 0.34225092839662613
CJS time: 38.50071