err: 0.61027756285248
std: 0.3429601723792519
CJS time: 37.12505