err: 0.6108842260527069
std: 0.3431147847458739
CJS time: 38.69435