err: 0.6165150810053742
std: 0.3442072212261875
CJS time: 32.02684