err: 1.985811554342556e+36
std: 5.957434658135264e+36
CJS time: 6.642414