err: 5.090433810987161e+31
std: 1.5271301432961482e+32
CJS time: 6.805605