err: 3.65220201912017e+54
std: 1.0956606057359566e+55
CJS time: 5.941119