err: 169363876.09319192
std: 504150421.2517414
CJS time: 7.787093