err: 2.011301214617705
std: 1.380135086625899
CJS time: 1.935033