err: 2.020307957729768
std: 1.3940320567315487
CJS time: 1.983221