err: 1.8789263014803133
std: 1.3421871467999078
CJS time: 1.912106