err: 2.011025812291441
std: 1.3872738402122324
CJS time: 2.125968