err: 1.4476220898796828
std: 1.6700891075893192
CJS time: 8.063939