err: 1.4814235448121824
std: 1.6965225840824858
CJS time: 8.884666