err: 1.448519107302478
std: 1.6692291287125924
CJS time: 9.066105