err: 1.4536563058488878
std: 1.667794216548242
CJS time: 9.419757