err: 1.441479587740656
std: 1.6651399646654566
CJS time: 9.447328