err: 1.4572309727684118
std: 1.679071866441761
CJS time: 8.415759