err: 1.4523947720999906
std: 1.6808040201154932
CJS time: 8.696635