err: 1.4502033593223216
std: 1.6665782922170718
CJS time: 9.470472