err: 1.4407482912487433
std: 1.663946361560648
CJS time: 8.892823