err: 1.354702670186926e+28
std: 4.06296109156675e+28
CJS time: 9.909713