err: 0.6105726192065994
std: 0.3447707483894997
CJS time: 34.69552