err: 0.6110700480288515
std: 0.3448100064156001
CJS time: 37.12684