err: 0.6099797455700553
std: 0.3445777304103145
CJS time: 35.09353