err: 0.6122440002048479
std: 0.3440810903936124
CJS time: 37.45375