err: 0.610211242605868
std: 0.34425512107491774
CJS time: 38.90278