err: 0.6113834906561236
std: 0.34312709015171783
CJS time: 37.37832