err: 0.6104844157928089
std: 0.3434690652400843
CJS time: 34.88095