err: 0.6096008050721625
std: 0.3418740111942112
CJS time: 8.214303