err: 0.6305436430170309
std: 0.34848320173083375
CJS time: 5.899822