err: 0.611181820429959
std: 0.3425034628606314
CJS time: 7.145903