err: 0.6113592212134892
std: 0.3428143855110669
CJS time: 7.04963