err: 5888.194192140923
std: 3292.3966943773503
CJS time: 3.952677