err: 2.073593125657526
std: 1.2602720547757216
CJS time: 4.29425