err: 1.8949736772318513
std: 1.3573847394556058
CJS time: 4.339122