err: 176376.15839182303
std: 249429.87626625685
CJS time: 3.844338