err: 2.02415574562859
std: 1.3960682577794261
CJS time: 4.268741