err: 62622.008615354745
std: 88556.89283248578
CJS time: 4.534693