err: 0.008365245359962324
std: 0.007566761713801813
CJS time: 15.15521