err: 0.008347949062544909
std: 0.006824027447164842
CJS time: 14.57007