err: 0.008576638949138266
std: 0.006857638301199117
CJS time: 15.05195