err: 0.008331250171269412
std: 0.006953901164654158
CJS time: 14.69505