err: 0.00835815948259805
std: 0.007538569651355501
CJS time: 14.42804