err: 0.008201834001534668
std: 0.007893924605769109
CJS time: 14.18858