err: 0.00924226776912826
std: 0.0068044974068638
CJS time: 15.2124