err: 0.00875794565450833
std: 0.007026513452602133
CJS time: 14.27865