err: 0.008257408554733439
std: 0.00704236627544846
CJS time: 15.24035