err: 1.4486249044623225
std: 1.6720817542887638
CJS time: 3.654317