err: 1.4463673725871888
std: 1.66531872604339
CJS time: 3.643933