err: 1.444537166275821
std: 1.6660766727152116
CJS time: 3.637992