err: 1.4475858277961708
std: 1.6686973422137066
CJS time: 3.553252