err: 1.4456489389602938
std: 1.6702088897775096
CJS time: 3.95553