err: 1.4546007843402304
std: 1.6743481681810226
CJS time: 3.678783