err: 1.4394809979723184
std: 1.6678887811775522
CJS time: 3.841782