err: 1.443085539579876
std: 1.6681928360073373
CJS time: 4.438306