err: 1.4409771867382786
std: 1.6717310285816573
CJS time: 3.624481