err: 1.4503140697848775
std: 1.6727777116727265
CJS time: 3.855984