err: 1.4428499247364523
std: 1.6703064689163571
CJS time: 3.600443