err: 0.008626728967919528
std: 0.006253483996719854
CJS time: 1.341859