err: 0.008594789502532469
std: 0.006261242224838367
CJS time: 1.267346