err: 0.00916410194835812
std: 0.007193106741555568
CJS time: 1.19123