err: 1.7218043006067294
std: 1.6945588996598426
CJS time: 20.8131