err: 1.5368593271470035e+44
std: 4.61057798144101e+44
CJS time: 29.27611