err: 3.322857405921084e+17
std: 9.96815178226875e+17
CJS time: 21.06648