err: 1.583041246757077
std: 1.4432016760241049
CJS time: 24.33676