err: 1.5680622886332778
std: 1.4874609444253757
CJS time: 21.61125