err: 468992637.82280284
std: 1406977909.5298252
CJS time: 35.16919