err: 1.7358177358738067
std: 1.6416035435940597
CJS time: 25.62232