err: 1.7287271804777433
std: 1.7276238021869899
CJS time: 22.61406