err: 2367193478.589538
std: 7092551498.222459
CJS time: 20.31168