err: 1.7367539954452693e+35
std: 3.883499994009982e+35
CJS time: 3.06429