err: 210610.99328216552
std: 470919.9080683187
CJS time: 2.986445