err: 19453715.4477459
std: 43499810.98396141
CJS time: 2.847763