err: 4.196504838970356e+29
std: 9.383670087844524e+29
CJS time: 1.948912