err: 1.3849914459444517e+35
std: 2.761734120767469e+35
CJS time: 1.936524