err: 2.303345657598077e+30
std: 5.14267188952293e+30
CJS time: 1.796192