err: 1.4815784560471173e+19
std: 3.3129101417205383e+19
CJS time: 1.937354