err: 0.008170636465756194
std: 0.007265038776755774
CJS time: 2.515554