err: 0.008613616767022424
std: 0.006943429896014211
CJS time: 2.621315