err: 0.008322113211520087
std: 0.007050497702491246
CJS time: 2.715122