err: 0.008325045589516819
std: 0.007159625427371877
CJS time: 2.635642