err: 0.008218406358586686
std: 0.007171858591356461
CJS time: 2.629105