err: 0.008158756320153426
std: 0.00729679984554931
CJS time: 2.681994