err: 0.008164375797082754
std: 0.007279491875244089
CJS time: 2.640827