err: 0.008205629132052318
std: 0.0071765700987370526
CJS time: 2.683326