err: 0.008242353044881547
std: 0.007274351406750421
CJS time: 2.621102