err: 0.00827376032555517
std: 0.007135224992691954
CJS time: 2.631675