err: 0.008584350089055302
std: 0.006950304080272999
CJS time: 2.456873