err: 0.1804493965215802
std: 0.14362211542777142
CJS time: 1.835368