err: 0.277669417410992
std: 0.17381073180017242
CJS time: 2.2375