err: 0.31304400298404544
std: 0.18802597189100997
CJS time: 2.349836