err: 0.18045335488152167
std: 0.14362437603617784
CJS time: 1.885489