err: 3.4236742619156657
std: 3.0600107374664014
CJS time: 0.6463702