err: 0.06902478791410437
std: 0.12601706394218687
CJS time: 9.527363