err: 0.8499058006129386
std: 0.40616013416775637
CJS time: 4.991812