err: 0.6986639849725291
std: 0.3501494405392796
CJS time: 3.928097