err: 0.697240916374999
std: 0.34919523789683315
CJS time: 4.029728