err: 0.6972494618366862
std: 0.3491901655796165
CJS time: 3.887387