err: 0.6480530092309605
std: 0.3766351691221044
CJS time: 4.448976