err: 0.4928038290817232
std: 0.3351201806944232
CJS time: 39.64467