err: 0.548352067472053
std: 0.322657307499897
CJS time: 31.56502