err: 0.4523341669683047
std: 0.33465982703807473
CJS time: 39.01069