err: 0.008147791563071544
std: 0.00729923571695042
CJS time: 1.586372