err: 0.008236383560707966
std: 0.007206328940842122
CJS time: 1.547693