err: 0.008235796240918298
std: 0.007209695098340087
CJS time: 1.486537