err: 0.00824303145762471
std: 0.007205632408382604
CJS time: 1.57512