err: 0.008034130580409865
std: 0.007212323003506949
CJS time: 1.570156