err: 0.008375340616463613
std: 0.0071184009000644375
CJS time: 1.553069