err: 0.008381955629558466
std: 0.007065962679185128
CJS time: 1.622583