err: 0.008181136945497016
std: 0.007208723622677175
CJS time: 1.618143