err: 0.008333986172674744
std: 0.0071594912452577495
CJS time: 1.528216