err: 0.059235028842118
std: 0.013665662064172478
CJS time: 2.413917