err: 0.05907528029196079
std: 0.013604495866296773
CJS time: 2.323382