err: 0.058098313959102914
std: 0.013754594026140455
CJS time: 2.583534