err: 0.05924047719979261
std: 0.013616636030131881
CJS time: 2.445618