err: 0.05898356888931123
std: 0.01356696777700101
CJS time: 2.440106