err: 0.059124438403519664
std: 0.013503445015217124
CJS time: 2.445709