err: 0.05900385704297473
std: 0.013529737843074484
CJS time: 2.664941