err: 0.05523461714563593
std: 0.01241119327349955
CJS time: 2.765337