err: 0.05913696804552734
std: 0.013423465211711727
CJS time: 2.378399