err: 3.7166882663720657
std: 3.423831372573743
CJS time: 33.53347