err: 8881410268.305012
std: 21491879314.258457
CJS time: 38.53424