err: 1.8809284485600828
std: 1.7527721222056654
CJS time: 54.48826