err: 4.3152595959772154e+17
std: 1.2944025747981732e+18
CJS time: 44.92567