err: 1.6516158312023557
std: 1.4999075329571945
CJS time: 53.35367