err: 11632592.547734788
std: 24918511.61597651
CJS time: 41.5981