err: 7.924431181261817e+34
std: 2.3770049482634853e+35
CJS time: 47.22657