err: 0.6098676395654733
std: 0.34355146936848346
CJS time: 29.63619