err: 0.6101632707117527
std: 0.3445887019510752
CJS time: 24.43135