err: 0.6107431487907202
std: 0.3435634063747977
CJS time: 23.93122