err: 0.6111219720826251
std: 0.34171026672074944
CJS time: 22.48209