err: 0.6115218608759653
std: 0.3422209391539051
CJS time: 26.09471