err: 0.6313662465665242
std: 0.3489770073371573
CJS time: 15.53835