err: 0.6117845873056789
std: 0.342483753115775
CJS time: 25.54919