err: 0.611163029930025
std: 0.3426368927623795
CJS time: 23.57888