err: 0.6110766815372176
std: 0.3419675133410323
CJS time: 24.37833