err: 0.6101643243811768
std: 0.34489495091729516
CJS time: 23.23025