err: 0.6110071009251458
std: 0.3436354563463578
CJS time: 29.14838