err: 0.6105250055540378
std: 0.34313028886203745
CJS time: 25.72968