err: 0.6118564903143958
std: 0.34263316438663766
CJS time: 23.40449