err: 0.611097386979134
std: 0.3438603354865504
CJS time: 22.89184