err: 0.6115404361916716
std: 0.3427165228698996
CJS time: 24.44722