err: 0.610562842136161
std: 0.344044322086974
CJS time: 20.67731