err: 986288374.0115652
std: 2837586223.1457086
CJS time: 3.216711