err: 2559454.716254617
std: 7623460.629611945
CJS time: 4.321643