err: 3.4207220053050743e+28
std: 1.026216601587926e+29
CJS time: 3.522302