err: 28918662634.38841
std: 73824495612.76196
CJS time: 3.17275