err: 1.5327469067200363
std: 1.405722854794925
CJS time: 8.258576