err: 1.5881058102664383
std: 1.4561774919414838
CJS time: 9.305175