err: 1.581973160228539
std: 1.502585825907091
CJS time: 8.511067