err: 2.061590348915645
std: 2.1674291411231943
CJS time: 8.533663