err: 1.5503148304934953
std: 1.4364156442037634
CJS time: 9.826017