err: 1.7998225379512867
std: 1.6836342431228792
CJS time: 8.715663