err: 1.5866454953980618
std: 1.4614108636653633
CJS time: 8.410408