err: 0.08413294302536484
std: 0.16545594799916488
CJS time: 4.21601