err: 0.010017324063521923
std: 0.010430050062283503
CJS time: 5.175601