err: 0.07096082566853867
std: 0.12810436892843569
CJS time: 4.932866