err: 0.034956021923907975
std: 0.05411013952948066
CJS time: 5.218989