err: 1.1365711223843287
std: 0.93792596796796
CJS time: 0.6502891