err: 1.1361525732489994
std: 0.9345526318521782
CJS time: 0.6342056