err: 1.1341737669092333
std: 0.9325622758131051
CJS time: 0.6509547