err: 1.137994162571456
std: 0.9373309246663376
CJS time: 0.6535308