err: 1.1359518171378686
std: 0.9299267802365255
CJS time: 0.6315441