err: 1.1378123332387435
std: 0.9368253237127239
CJS time: 0.6294222