err: 1.136473611795709
std: 0.9357520214975301
CJS time: 0.6285698