err: 1.141875090096057
std: 0.9392316883895309
CJS time: 0.6444254