err: 1.142052583798675
std: 0.9414512740055306
CJS time: 0.6290832