err: 1.1410495267426535
std: 0.9411344087169142
CJS time: 0.6403642