err: 1.3443748965632487
std: 1.012041049204189
CJS time: 0.6194949