err: 1.6274493910299612
std: 1.5242608051284419
CJS time: 4.478703