err: 1.8291299471779865
std: 1.8375516989755851
CJS time: 4.815987