err: 1.6462270018128353
std: 1.6007530585398604
CJS time: 4.582199