err: 1.5415745705359831
std: 1.4141283407690453
CJS time: 4.352863