err: 1.5523102120232024
std: 1.4297121098900307
CJS time: 4.614466