err: 1.5676880570702552
std: 1.4490259548218831
CJS time: 4.254293