err: 1.541558271766604
std: 1.4176198857103464
CJS time: 4.73351