err: 1.641399408146161
std: 1.4963938093290234
CJS time: 4.75884