err: 1.625244028988174
std: 1.4728783579339169
CJS time: 4.658866