err: 1.6407345932888862
std: 1.5593731154077466
CJS time: 4.195818