err: 3.7858420160341133
std: 3.351265020629256
CJS time: 3.674596