err: 1.6131102274325073
std: 1.5525110019786212
CJS time: 4.470926