err: 1.8034174647057697
std: 1.7746826027185534
CJS time: 4.649274