err: 4.035883763115308
std: 3.599148711028388
CJS time: 3.621022