err: 0.9451709569816722
std: 1.6906718553057996
CJS time: 2.116911