err: 0.988798738780759
std: 1.7401707822933774
CJS time: 2.146238