err: 0.917248492738115
std: 1.614138288813062
CJS time: 2.14069