err: 0.8964408144875272
std: 1.6051062945925116
CJS time: 2.285357