err: 1.1519806751631834
std: 2.016558061335188
CJS time: 2.104531