err: 0.9715381928694962
std: 1.7089803911374049
CJS time: 2.148663