err: 0.8984925412820549
std: 1.616154617011671
CJS time: 2.122356