err: 0.9562255307879334
std: 1.7296675006059763
CJS time: 2.151399