err: 1.0407721693998797
std: 1.8242778018948835
CJS time: 2.232816