err: 0.993727469650044
std: 1.7905356187889436
CJS time: 2.217931