err: 2.576488279885095
std: 2.27082835417308
CJS time: 4.582449