err: 7960.773621953886
std: 15914.850273263413
CJS time: 4.373012