err: 2.7130713828401825
std: 2.3611066933129754
CJS time: 4.720753