err: 3.0849709322731225
std: 3.265913174840416
CJS time: 4.26322