err: 2.491893722070948
std: 2.3392438957247337
CJS time: 3.430212