err: 1674627878.50892
std: 2368039618.3135314
CJS time: 2.807094