err: 2.043613937165054
std: 1.2306604394870564
CJS time: 2.768424