err: 5164.4101581406385
std: 7299.6319456506435
CJS time: 2.775988