err: 203136.0184225622
std: 146016.74621071576
CJS time: 2.936592