err: 35677.56294456611
std: 50451.70319015582
CJS time: 2.861918