err: 0.01874046156275937
std: 0.02300538312245076
CJS time: 9.973285