err: 0.3752491991135898
std: 0.03935131182199739
CJS time: 7.156897