err: 0.3728665146351618
std: 0.21842878685322728
CJS time: 7.770518