err: 1.3479754941925117
std: 1.0193538916270197
CJS time: 2.438821