err: 1.1362990325001388
std: 0.9298531801724635
CJS time: 2.781029