err: 1.3511586124167223
std: 1.017764335303698
CJS time: 2.489583