err: 1.3464284515993141
std: 1.0128547664074132
CJS time: 2.441951