err: 1.1343185720412976
std: 0.9383720913820272
CJS time: 3.080009