err: 1.3590580702544461
std: 1.0354579243448463
CJS time: 2.382403