err: 1.351792957289591
std: 1.021624557517121
CJS time: 2.410759