err: 1.348360788832921
std: 1.0118341140936558
CJS time: 2.390458