err: 1.3466848385564694
std: 1.013467313847294
CJS time: 2.429337