err: 1.338713070842882
std: 1.004008413438742
CJS time: 2.396846