err: 1.3582729378694973
std: 1.0260567878427054
CJS time: 2.424116