err: 1.1355246653726054
std: 0.9319455461608845
CJS time: 2.750634