err: 1.4441640455810638
std: 1.6711093580822138
CJS time: 0.4156117