err: 0.007960713019083484
std: 0.007243656317822167
CJS time: 19.51902