err: 0.008382759185708804
std: 0.0072097652555944735
CJS time: 19.56796