err: 0.008119633029581365
std: 0.0073938575824131865
CJS time: 20.44313