err: 0.008355111687338171
std: 0.007105564944524753
CJS time: 20.39258