err: 0.00890560038295546
std: 0.006952926937538685
CJS time: 20.27066