err: 0.008035026911397188
std: 0.00738429979977317
CJS time: 20.31431