err: 0.007933163222362842
std: 0.008176499662787046
CJS time: 21.07065