err: 0.008427699208511155
std: 0.0072943900605380125
CJS time: 20.68135