err: 0.008658242604180806
std: 0.007149461837757962
CJS time: 19.82041