err: 0.05923592976529717
std: 0.09905835378702411
CJS time: 6.714087