err: 0.08400112125771335
std: 0.15498271126874497
CJS time: 6.43383