err: 0.07698127312254216
std: 0.1443057484373704
CJS time: 6.692863