err: 0.0534795179949113
std: 0.09578698209079492
CJS time: 6.616146