err: 0.04937659041840079
std: 0.08671718816657933
CJS time: 6.784837