err: 0.009337214663266346
std: 0.006261068633481873
CJS time: 1.695056