err: 0.008762221347985997
std: 0.004013321538570638
CJS time: 1.942829