err: 0.009338676547694129
std: 0.0062721466867039005
CJS time: 1.68883