err: 0.008605976790577508
std: 0.006266934834476643
CJS time: 1.878121