err: 0.008568626706312747
std: 0.006274431705636466
CJS time: 1.967345