err: 0.009161197345049638
std: 0.00409178852020535
CJS time: 1.87533