err: 0.01382656812479971
std: 0.008135678762805194
CJS time: 3.247025