err: 0.01181962617640202
std: 0.007019792194979798
CJS time: 3.112794