err: 0.014875396422685252
std: 0.008818468126669504
CJS time: 3.082795