err: 0.0137193177459714
std: 0.007580623078134391
CJS time: 3.073684