err: 0.015068392913753425
std: 0.007706878489943676
CJS time: 3.206647