err: 0.0148855707428478
std: 0.006542329595633036
CJS time: 3.135709