err: 0.01378803903857726
std: 0.008453914940178593
CJS time: 2.935583