err: 0.015536585846884008
std: 0.007404759375183952
CJS time: 3.056717