err: 0.013888486492707894
std: 0.006540329037779457
CJS time: 3.044321