err: 3.252423652257586
std: 2.614751579122221
CJS time: 28.15061