err: 2084236027.0225272
std: 6250355769.635077
CJS time: 32.4661