err: 1.7043470530544148e+103
std: 5.113041159163245e+103
CJS time: 41.94736