err: 3.671657876347767
std: 3.246232764027703
CJS time: 25.61965