err: 2261454.1765743364
std: 6784358.471095249
CJS time: 28.64596