err: 1.6633156848252977
std: 1.4717242493202323
CJS time: 33.52242