err: 2.3359651400170605
std: 1.8057910699782902
CJS time: 6.858894