err: 2.4414822306586035
std: 1.890537234059092
CJS time: 7.766568