err: 12353925.124871504
std: 24707843.734967005
CJS time: 7.30752