err: 0.05900515478897302
std: 0.013820875156628118
CJS time: 1.786705