err: 0.05931313700639528
std: 0.014181906323510506
CJS time: 1.6452