err: 0.05877331045849079
std: 0.013110564110701342
CJS time: 1.701286