err: 0.059118635490090075
std: 0.01360366670442406
CJS time: 1.688254