err: 0.059321617226310824
std: 0.01366704450307115
CJS time: 1.632301