err: 0.058975057103050905
std: 0.01321516429952161
CJS time: 1.727236