err: 0.05904612767744596
std: 0.013696876381245924
CJS time: 1.713839