err: 0.05928347772651627
std: 0.013522801854367708
CJS time: 1.708847