err: 1.3600228389348905
std: 1.0275460523987856
CJS time: 4.967089