err: 1.3619402001408343
std: 1.0355108918430973
CJS time: 4.784536