err: 1.35178871995295
std: 1.0223934719735273
CJS time: 4.976892