err: 1.3521285042065971
std: 1.0189980366270388
CJS time: 5.126449