err: 1.3469664652070596
std: 1.0126534184397367
CJS time: 4.948688