err: 1.353323969532665
std: 1.0217445783734334
CJS time: 4.838818