err: 1.3498403881464813
std: 1.0182397756213706
CJS time: 5.085911