err: 1.3582799304664457
std: 1.0320087060382708
CJS time: 4.916026