err: 1.3467932205423179
std: 1.014024281464096
CJS time: 4.937758