err: 1.3479153093640963
std: 1.0141748638404882
CJS time: 5.020207