err: 1.3612210588973361
std: 1.0275233787742895
CJS time: 4.973381