err: 1.3470929607295064
std: 1.0144510120160475
CJS time: 4.865997