err: 1.348164650591471
std: 1.0124423292656561
CJS time: 4.912852