err: 1.3534462443690625
std: 1.0245213075072857
CJS time: 4.978857