err: 0.6108433927857161
std: 0.342480680868362
CJS time: 26.75743