err: 0.6116401341870689
std: 0.3424804925779355
CJS time: 28.79447