err: 0.6105573858094484
std: 0.34285609980463627
CJS time: 27.17257