err: 0.6106549385936937
std: 0.34443494131817187
CJS time: 29.57696