err: 85790089.95108432
std: 171580173.79232076
CJS time: 10.48867