err: 2.4284865078117743
std: 1.779017692527004
CJS time: 10.43594