err: 62256228370.48468
std: 124512456734.45874
CJS time: 10.17172