err: 2.9033412312870133
std: 2.6265385779479593
CJS time: 9.883399