err: 47960907326.4995
std: 95921814646.96814
CJS time: 8.89149