err: 2.533140137939853
std: 1.9828630168240673
CJS time: 8.742192