err: 1.4473545097415932
std: 1.6766980430549414
CJS time: 1.438882