err: 1.4465270809753006
std: 1.6742639296840471
CJS time: 1.450344