err: 1.4551482805224114
std: 1.6753877733748195
CJS time: 1.411037