err: 1.4516141993715703
std: 1.6711851354141998
CJS time: 1.324149