err: 1.4458235768574212
std: 1.67060403650926
CJS time: 1.303488