err: 1.4439974576754242
std: 1.6695382960910878
CJS time: 1.371063