err: 1.4449513899093298
std: 1.6712157642934624
CJS time: 1.324578