err: 1.4515023743951356
std: 1.673536656013116
CJS time: 1.452146