err: 1.4454442490932364
std: 1.6663852541907693
CJS time: 1.451839