err: 1.4467914656128618
std: 1.6659658242738273
CJS time: 1.414033