err: 0.2841825563492148
std: 0.17487830366072585
CJS time: 2.059516