err: 0.297530628580921
std: 0.1861185316165477
CJS time: 2.375886