err: 0.33146342704137965
std: 0.24135080969032366
CJS time: 2.243228