err: 0.3204444675541082
std: 0.19983442796255316
CJS time: 2.37363