err: 0.17860462165107507
std: 0.14170979915947188
CJS time: 1.711704