err: 0.2672796418805445
std: 0.2085860951286781
CJS time: 2.028064