err: 0.2633797860801344
std: 0.20130413323593319
CJS time: 1.996038