err: 0.17861847610678785
std: 0.1416892016964251
CJS time: 1.786163