err: 274197230.9037376
std: 548394454.6244485
CJS time: 14.04202