err: 2.603965017674506
std: 2.082417168410324
CJS time: 15.22602