err: 1.8962118187460555e+26
std: 3.792423637492111e+26
CJS time: 13.45835