err: 2.209355189025124
std: 1.60649220890345
CJS time: 13.61679