err: 8.172463764862032
std: 12.874252296418227
CJS time: 1.33266