err: 2.5491415218542435
std: 2.331954803389915
CJS time: 2.812917