err: 3.082582825827934
std: 3.2620983364420906
CJS time: 2.902456