err: 2.568332490507225
std: 2.4235630771025907
CJS time: 2.473974