err: 2.5244523570048947
std: 2.181012324228549
CJS time: 2.763782