err: 2.463905903200241
std: 1.9378123977076855
CJS time: 2.908759