err: 2.5243886850073687
std: 2.180899843672332
CJS time: 2.581994