err: 2.3192802841466453
std: 2.5377248262062437
CJS time: 20.69528