err: 3.6543146852987447
std: 3.219507876912331
CJS time: 17.18359