err: 3.8088810091949954
std: 3.2150680455275893
CJS time: 17.83982