err: 1.8140082616820212
std: 1.8148310092587394
CJS time: 24.55005