err: 1.8014817158829899
std: 1.781495548108573
CJS time: 22.66507