err: 1.6661005094180321
std: 1.5180666026624
CJS time: 23.14757