err: 1.828939526122856
std: 1.8333908044022689
CJS time: 26.89438