err: 1.575021456600258
std: 1.4101296219631267
CJS time: 21.62636