err: 3.9063139641578823
std: 3.5822047198220055
CJS time: 17.83967