err: 1.60293915498433
std: 1.404235741271436
CJS time: 21.52695