err: 0.058962246263116275
std: 0.013331072181076929
CJS time: 4.824498