err: 0.058953290812245596
std: 0.013393788530955967
CJS time: 4.519504