err: 0.05899553190243396
std: 0.013577517977024863
CJS time: 4.875667