err: 0.058998881741174104
std: 0.013507795902206791
CJS time: 4.81906