err: 0.05896736248072857
std: 0.013629417589425928
CJS time: 4.819522