err: 1.4431267681735298
std: 1.6590362941458776
CJS time: 12.37443