err: 1.454251203744617
std: 1.665864527951261
CJS time: 14.93384