err: 1.4401454043196522
std: 1.6580245923838295
CJS time: 12.84716