err: 1.450159526317425
std: 1.658130078065988
CJS time: 13.45732