err: 1.4769444520637633
std: 1.7069152838772967
CJS time: 13.31447