err: 1.4476100114312165
std: 1.6626234814997345
CJS time: 13.60258