err: 1.4504967021636959
std: 1.6764969382522512
CJS time: 12.56029