err: 1.4446055054238092
std: 1.66407657574943
CJS time: 13.71014