err: 1.463236519110022
std: 1.6596612211014428
CJS time: 14.05105