err: 1.5939877570724192
std: 1.1826115654100215
CJS time: 1.060904