err: 1.5274345516017125
std: 1.1217843447160154
CJS time: 1.436907