err: 1.7062012507172548
std: 1.2495554446734607
CJS time: 1.131652