err: 1.6489748885218773
std: 1.2005334859207613
CJS time: 1.109811