err: 1.6489987927719374
std: 1.2005207163854088
CJS time: 1.117803