err: 1.5725472168062276
std: 1.1758527669270051
CJS time: 1.010454