err: 1.5713521145943805
std: 1.1869590549549918
CJS time: 0.9769309