err: 1.865964676789195
std: 1.3423380783891692
CJS time: 1.099894