err: 2.491558232230688
std: 2.365851008383302
CJS time: 1.03505