err: 2.4921539887515545
std: 2.366935577984807
CJS time: 1.019465