err: 1.8891704212250418
std: 1.3494695409262258
CJS time: 5.726582