err: 242447.4195997033
std: 342868.4098394701
CJS time: 6.049195