err: 2.1447423678689836
std: 1.3515890469530518
CJS time: 6.065915