err: 161250.25107856095
std: 228038.28709697313
CJS time: 5.709758