err: 0.9012166681419694
std: 1.5471208709615758
CJS time: 8.620318