err: 1.1285095506184162
std: 1.409932806924727
CJS time: 8.550773