err: 1.2242398246166684
std: 1.306062336071527
CJS time: 8.58319