err: 1.1355149136730927
std: 1.796179700761848
CJS time: 8.749212