err: 1.065600450735972
std: 1.6730474679608442
CJS time: 8.549305