err: 99373470146.52208
std: 222205834404.6066
CJS time: 8.426575