err: 0.9115613909073317
std: 1.5560332825773096
CJS time: 8.5084