err: 20377964.412994396
std: 45566511.49586581
CJS time: 9.154618