err: 0.9922526359510212
std: 1.7431298879611625
CJS time: 8.832158