err: 1.125172492009242
std: 1.8388891579299094
CJS time: 8.691626