err: 1.8539203161477842e+18
std: 5.395509669818607e+18
CJS time: 6.738224