err: 229469387.52779326
std: 648557280.9258658
CJS time: 5.661865