err: 2.5410367915578567e+94
std: 7.623110373782532e+94
CJS time: 6.258462