err: 0.5581404576402021
std: 0.14834634702770988
CJS time: 0.3802028