err: 0.8163693677113265
std: 0.03382128056326254
CJS time: 0.2989819