err: 0.00822124948220186
std: 0.007185083476627219
CJS time: 0.4236557