err: 0.3537807910257704
std: 0.00955563688601978
CJS time: 0.3300581