err: 0.014500354388118563
std: 0.006194805705888676
CJS time: 5.02481