err: 0.014082585318566656
std: 0.009130143669932343
CJS time: 4.931628