err: 0.014365835106507996
std: 0.0072794626731281144
CJS time: 5.093627