err: 0.014281725353600954
std: 0.0067698705456893825
CJS time: 5.087104