err: 0.013639749739187296
std: 0.0073130225700746825
CJS time: 4.533257