err: 0.014043486698953653
std: 0.008619361689337642
CJS time: 5.419836