err: 0.015394820403069989
std: 0.007639087056285569
CJS time: 5.082851