err: 0.015844769140065055
std: 0.005834959195009163
CJS time: 5.278192