err: 0.01359309212459984
std: 0.006781340626009334
CJS time: 5.149344