err: 0.01478148271784978
std: 0.007256384141726098
CJS time: 5.167481