err: 1.3464912716322692
std: 1.021724891310299
CJS time: 6.50764