err: 1.3555905382564042
std: 1.0233310980004422
CJS time: 6.658096