err: 1.3614950628974274
std: 1.0267369050646722
CJS time: 6.784669