err: 1.355167047600287
std: 1.0156829430005454
CJS time: 6.761127