err: 1.3455392480099897
std: 1.0115452583159152
CJS time: 6.761754