err: 1.3369871945079808
std: 1.0036990197294144
CJS time: 6.681552