err: 1.3507490435754541
std: 1.024293680589045
CJS time: 6.802813