err: 0.9799421267270362
std: 1.7277839115514586
CJS time: 1.232008