err: 0.9431393729263716
std: 1.713847219729603
CJS time: 1.291538