err: 0.8893080577362217
std: 1.6039028990105935
CJS time: 1.276726