err: 0.8965907521145194
std: 1.653512051546364
CJS time: 1.212617