err: 0.8851004011711986
std: 1.6230039201639135
CJS time: 1.178744