err: 1.0468208433310757
std: 1.8234626813108223
CJS time: 1.226202