err: 1.3534080412341607
std: 2.1895257556734866
CJS time: 1.315965