err: 0.9022544319762275
std: 1.6231775042781929
CJS time: 1.280411