err: 1.0310489226812651
std: 1.768344652893574
CJS time: 1.243764