err: 0.9030723327435798
std: 1.6443509074880298
CJS time: 1.254559