err: 0.9275415404001349
std: 1.6337636733933059
CJS time: 1.230574