err: 0.91087646570692
std: 1.6513191905754112
CJS time: 1.252351