err: 1.3461350955485962
std: 1.0151571255686274
CJS time: 1.270091