err: 1.145318417901612
std: 0.9474380424795955
CJS time: 1.356899