err: 1.1417637881075018
std: 0.9388772322086911
CJS time: 1.433456