err: 1.1349750251862094
std: 0.939273178239599
CJS time: 1.447856