err: 1.1279555155698946
std: 0.9279124719090232
CJS time: 1.34884