err: 1.1408661094396606
std: 0.9412838800727773
CJS time: 1.437208