err: 0.008343938732946301
std: 0.00738963082805982
CJS time: 10.50731