err: 0.008415971615455898
std: 0.007298439644784774
CJS time: 10.29288