err: 0.008198523770003087
std: 0.007177926812843514
CJS time: 10.88569