err: 0.008244460862734037
std: 0.007535543201458585
CJS time: 10.1863