err: 0.008361860642457586
std: 0.006983415274949961
CJS time: 10.53005