err: 0.008720473014595722
std: 0.0069788579488694324
CJS time: 10.53759