err: 0.00829701782545469
std: 0.0072351645750779224
CJS time: 10.38121