err: 0.007979946413479499
std: 0.007625279994799716
CJS time: 10.42948