err: 1.4532150374331276
std: 1.674564602138125
CJS time: 20.7338