err: 1.4481803844035201
std: 1.6519376823848475
CJS time: 18.64231