err: 1.4526334174547135
std: 1.6718767633801392
CJS time: 18.82427