err: 1.4579744203311922
std: 1.6680788024289557
CJS time: 20.3029