err: 1.4535327364336443
std: 1.6762941523151889
CJS time: 22.12398