err: 1.4422394201440587
std: 1.6649478629813022
CJS time: 18.38325