err: 1.4548889321112504
std: 1.6726349489876111
CJS time: 19.55708