err: 1.464581505539703
std: 1.6938133407071276
CJS time: 17.2436