err: 1.4433388862413599
std: 1.6645925548525282
CJS time: 17.9129