err: 1.4510924980551425
std: 1.6608549200731932
CJS time: 19.26343