err: 1.3494664727190564
std: 1.0127087214401789
CJS time: 3.552788