err: 1.348552559343809
std: 1.0133855595608416
CJS time: 3.497085