err: 1.3520177584630557
std: 1.0156541717086904
CJS time: 3.551566