err: 1.3457141563535278
std: 1.0126129503559598
CJS time: 3.637096