err: 1.345556994363475
std: 1.0149649044747768
CJS time: 3.545037