err: 1.353023143365201
std: 1.0188798650742048
CJS time: 3.524408