err: 1.3520583129022736
std: 1.0185316820221901
CJS time: 3.636123