err: 1.3561743655616834
std: 1.0241918757087358
CJS time: 3.526046