err: 1.3588897959722697
std: 1.0251292852003189
CJS time: 3.606166