err: 1.3529383771727843
std: 1.0169944049465425
CJS time: 3.576571