err: 1.36167597439849
std: 1.0312230562557607
CJS time: 3.502001