err: 0.0888251008964434
std: 0.05917495032381046
CJS time: 2.234336