err: 0.08408081470676264
std: 0.060243714667545786
CJS time: 2.103195