err: 0.030140900554809832
std: 0.010634992679361495
CJS time: 2.22742