err: 0.09235303852483791
std: 0.06423765977215024
CJS time: 2.272763