err: 0.09223345674363552
std: 0.06424109452022496
CJS time: 2.291138