err: 0.0591352320599518
std: 0.013689052055328116
CJS time: 0.5297639