err: 0.059088779776548646
std: 0.013607538013245593
CJS time: 0.5556154