err: 0.059264946806602346
std: 0.013704243391714518
CJS time: 0.5232527