err: 0.059096116065568895
std: 0.01359278254169914
CJS time: 0.5303814