err: 0.05884944847322638
std: 0.013490809838341096
CJS time: 0.5797005