err: 0.05920401343770029
std: 0.013664429216690354
CJS time: 0.5725708