err: 0.05907536811670466
std: 0.013587065831259569
CJS time: 0.5243189