err: 0.05918544521992744
std: 0.013624028151636642
CJS time: 0.4951355