err: 0.058855617263537656
std: 0.013843343479892484
CJS time: 0.4521658