err: 0.05830344751248611
std: 0.014293555487423748
CJS time: 0.4478493