err: 0.05943724606138081
std: 0.0141085179547739
CJS time: 0.458498