err: 0.05927812571363807
std: 0.01404408745525549
CJS time: 0.4569309