err: 0.05865916318434161
std: 0.014433027451028145
CJS time: 0.4521618