err: 0.11765471506199855
std: 0.05344038016909573
CJS time: 2.615141