err: 0.09138232195146533
std: 0.05739483481941176
CJS time: 2.935623