err: 0.08642573938200084
std: 0.06070389918142731
CJS time: 3.143266