err: 0.06927194313443087
std: 0.06778208956578084
CJS time: 2.982652