err: 0.0931052988577516
std: 0.06464786127698643
CJS time: 3.602386