err: 0.014969800324075465
std: 0.00815246555558444
CJS time: 9.955023