err: 0.01304714008777731
std: 0.006529570112220309
CJS time: 10.66977