err: 0.014345203636489312
std: 0.009134937276510836
CJS time: 9.76466