err: 0.01486964397617146
std: 0.005255837619013419
CJS time: 9.761344