err: 0.014985258480184437
std: 0.00730825245640074
CJS time: 10.15989