err: 0.014495868246974306
std: 0.008916929254585626
CJS time: 9.706368