err: 0.014470384969447109
std: 0.0084547836455581
CJS time: 10.07649