err: 0.015091626403000623
std: 0.006933505307492669
CJS time: 10.09365