err: 0.01319700664090843
std: 0.006653181505465691
CJS time: 11.11386