err: 0.013665802249638398
std: 0.006875214571604392
CJS time: 10.34573