err: 0.5333780703687789
std: 0.32230409992645825
CJS time: 13.63434