err: 0.5342551176584092
std: 0.33988747684771103
CJS time: 13.19422