err: 0.5057334168202009
std: 0.3267263359085597
CJS time: 12.3627