err: 0.5734592816089233
std: 0.32992864093210805
CJS time: 13.43152