err: 0.5362361036782716
std: 0.3199435789604366
CJS time: 20.01356