err: 1.506830889950925
std: 1.1470834146608249
CJS time: 0.5366006