err: 1.507086308274417
std: 1.1472018838516633
CJS time: 0.5315232