err: 0.008342871601248905
std: 0.007572217900510188
CJS time: 7.358068