err: 0.008240380456803281
std: 0.007053617567576092
CJS time: 7.323641