err: 0.007869651143695968
std: 0.007227752618106757
CJS time: 7.249311