err: 0.00870540793743669
std: 0.007090229729249168
CJS time: 7.628717