err: 0.00810217391908114
std: 0.007188375505844249
CJS time: 6.923649