err: 0.008429970002607394
std: 0.007196347144879371
CJS time: 7.101446