err: 0.00853341870432254
std: 0.007025014629895332
CJS time: 7.144471