err: 0.007915822389509547
std: 0.007506506796967722
CJS time: 2.7525