err: 0.008261218714090022
std: 0.007353425103822217
CJS time: 2.528198