err: 0.007965460311073539
std: 0.007483831984803149
CJS time: 2.621389