err: 0.00807571949615535
std: 0.007378344582619603
CJS time: 2.677719