err: 0.008230839349136043
std: 0.007230071497354616
CJS time: 2.680826