err: 0.008305164387774136
std: 0.007172404979387384
CJS time: 2.435222