err: 0.00790832625750281
std: 0.007473373806825335
CJS time: 2.733706