err: 0.008132297716841807
std: 0.007364145288202993
CJS time: 2.679431