err: 0.008103461848325078
std: 0.007224399301960996
CJS time: 2.690435