err: 1.5058745522620023
std: 1.3967262183024713
CJS time: 1.860238