err: 1.6026933741061828
std: 1.4032809007657003
CJS time: 1.866042