err: 1.5561575366811782
std: 1.4287607942731504
CJS time: 1.974691