err: 1.7144008983622627
std: 1.661470157227301
CJS time: 1.978299