err: 1.59854001856602
std: 1.5228913504778705
CJS time: 1.888939