err: 1.6272465034893961
std: 1.5587021244629515
CJS time: 1.976202