err: 1.5503221535426106
std: 1.4389610735741838
CJS time: 1.840416