err: 0.3273786969331001
std: 0.24377471850811114
CJS time: 3.939211