err: 0.4046125044339423
std: 0.276480292216276
CJS time: 4.668565