err: 0.33105620194152147
std: 0.2317228844270147
CJS time: 4.152924