err: 0.3725740703068865
std: 0.22933124870024355
CJS time: 5.099746