err: 0.33278099604822303
std: 0.2583050117350463
CJS time: 3.849239