err: 0.35215261138835025
std: 0.25693180550096156
CJS time: 4.783249