err: 0.0088190162076863
std: 0.007615181668645814
CJS time: 14.51034