err: 0.008922817071237267
std: 0.0072071058484436505
CJS time: 14.37671