err: 0.008558428464276483
std: 0.007293010211615991
CJS time: 14.91487