err: 0.008415013757723713
std: 0.007034100158788606
CJS time: 14.23698