err: 0.008148936886080354
std: 0.0076155537147590885
CJS time: 14.94972