err: 0.008636026270528481
std: 0.007073603866166959
CJS time: 14.74201