err: 0.007732815137365632
std: 0.00742190325130778
CJS time: 14.20143