err: 0.008193079612129053
std: 0.007705464549392251
CJS time: 14.91701