err: 0.008455422177922601
std: 0.007594420472967179
CJS time: 15.33752