err: 0.008089721121804188
std: 0.007027146914698316
CJS time: 14.45516