err: 0.00850522414161812
std: 0.007831636280737226
CJS time: 15.35403