err: 0.570076485089533
std: 0.3263136579252772
CJS time: 12.76831