err: 0.5911856792426675
std: 0.3190514914062424
CJS time: 15.74088