err: 0.5189677322307232
std: 0.33010065118750465
CJS time: 11.94911