err: 0.5059189048727876
std: 0.3271082268174105
CJS time: 15.29717