err: 0.5143793184889824
std: 0.35629073710200143
CJS time: 14.80887