err: 0.054945551352963286
std: 0.012810881452261754
CJS time: 1.387692