err: 0.04874419111475626
std: 0.011740469024968916
CJS time: 1.356207