err: 0.055477035739023926
std: 0.012735250636250537
CJS time: 1.332202