err: 0.04905968113341177
std: 0.012018931914825472
CJS time: 1.405181