err: 0.11539941776220407
std: 0.07595703786753359
CJS time: 1.378505