err: 0.044543277204761624
std: 0.012895816958034517
CJS time: 1.312516