err: 0.06924956567595748
std: 0.06778774303729306
CJS time: 1.523407