err: 3.156196343083037e+41
std: 7.057469441572445e+41
CJS time: 4.305919