err: 1.3559304909297278
std: 1.0279652551790008
CJS time: 5.018745