err: 1.3561154784711305
std: 1.0214865045891144
CJS time: 4.927303