err: 1.3498437707728617
std: 1.0209374073047377
CJS time: 4.887812