err: 1.3459497603481763
std: 1.0117247768752096
CJS time: 4.996259