err: 1.3531360789297622
std: 1.0233563551587601
CJS time: 4.936727