err: 1.3542178287744289
std: 1.0224351630012054
CJS time: 4.880909