err: 0.6096433873638064
std: 0.3447137512803919
CJS time: 13.41583