err: 0.6103716122403903
std: 0.3428474129036949
CJS time: 15.93143