err: 0.6107808632998195
std: 0.3427954560509894
CJS time: 13.42749