err: 0.6095840242624838
std: 0.3427484574134853
CJS time: 16.58178