err: 0.6104777999888202
std: 0.34390197978720644
CJS time: 13.96998