err: 0.6115065112841619
std: 0.3430156613958277
CJS time: 13.274