err: 0.6105197194229603
std: 0.3443700353567363
CJS time: 13.36487