err: 0.6118126549430914
std: 0.3428376966614912
CJS time: 14.17918