err: 0.6170452952721638
std: 0.34355867920026933
CJS time: 15.78266