err: 0.6123038787255825
std: 0.3414983527178788
CJS time: 14.26043