err: 4.596941869943184
std: 4.298680546093982
CJS time: 1.164236