err: 367369086936.16583
std: 821462251212.3943
CJS time: 1.156723