err: 67021570459.52435
std: 149864787498.66385
CJS time: 1.110211