err: 6382.306830264911
std: 14252.512584090377
CJS time: 1.192507