err: 0.01398691070791419
std: 0.007023449509962987
CJS time: 1.629579