err: 0.013934495275055062
std: 0.007771295378197366
CJS time: 1.689651