err: 0.013924983821640284
std: 0.007662424514583055
CJS time: 1.523656