err: 0.014177676395968106
std: 0.007844502135497835
CJS time: 1.548637