err: 0.015493070999818169
std: 0.007482396362481432
CJS time: 1.622703