err: 0.013615163646166153
std: 0.0075574235389522125
CJS time: 1.595118