err: 0.013960260409328575
std: 0.007950704961004241
CJS time: 1.497578