err: 0.013905572883082348
std: 0.007912957360814911
CJS time: 1.565383