err: 0.014355610360562503
std: 0.0082953439227166
CJS time: 1.591884