err: 8.25670530674372e+24
std: 2.4769702892107705e+25
CJS time: 3.554311