err: 1.4547519443997425
std: 1.6745969045052433
CJS time: 8.838934