err: 1.441061578422136
std: 1.6583029149809874
CJS time: 8.306912