err: 1.4469828813772092
std: 1.6654903029893067
CJS time: 8.358279