err: 1.46418428469565
std: 1.687940429924437
CJS time: 8.584079