err: 1.4698439505400134
std: 1.6687760695524618
CJS time: 8.375172