err: 1.4527310304831045
std: 1.6701040832080853
CJS time: 8.09896