err: 1.4469012524971703
std: 1.6717837461936436
CJS time: 8.090847