err: 1.4480601905540358
std: 1.672439606492672
CJS time: 6.270091