err: 1.4494854732978002
std: 1.668287246942922
CJS time: 8.080617