err: 1.4582182172271014
std: 1.669978612349847
CJS time: 8.982076