err: 1.4613481120079732
std: 1.6725048037622816
CJS time: 7.932347