err: 0.008205642213802584
std: 0.007507087399655573
CJS time: 7.461613