err: 0.008408690230200725
std: 0.006990133304008899
CJS time: 6.977377