err: 0.008124254744883888
std: 0.007078809821196282
CJS time: 7.268235