err: 0.007821648300337087
std: 0.0074932807187787715
CJS time: 7.26211