err: 0.008563593123482663
std: 0.006906507442155967
CJS time: 7.366714