err: 0.00879848467591117
std: 0.0067023276189849
CJS time: 7.309091