err: 0.008282730095735736
std: 0.007162391193987654
CJS time: 7.096286