err: 0.008265945081199213
std: 0.007205361536720654
CJS time: 6.916526