err: 0.008112110502573591
std: 0.007407385086005349
CJS time: 7.053096