err: 0.008334213508894244
std: 0.007473919401687313
CJS time: 7.177026