err: 0.008031050009527028
std: 0.007552656883966726
CJS time: 7.578164