err: 0.008718907228544473
std: 0.006829219467444945
CJS time: 7.056439