err: 0.008646567879262634
std: 0.007601432610388526
CJS time: 6.991204