err: 0.008045294719325774
std: 0.00701813340046649
CJS time: 4.710512