err: 0.008299407405511303
std: 0.007164608569194532
CJS time: 4.783084