err: 0.008340219866150139
std: 0.007251625799066904
CJS time: 4.549031