err: 0.008277492350322964
std: 0.007216509375557882
CJS time: 4.580499