err: 0.008154006951673974
std: 0.007252974315649713
CJS time: 4.438082