err: 0.008143745152611301
std: 0.007319083193692946
CJS time: 4.476999