err: 0.008296761034650027
std: 0.007180930888391866
CJS time: 4.625332