err: 0.00882293139238887
std: 0.006643825694544736
CJS time: 4.34565