err: 0.008202950776890879
std: 0.007233562016689415
CJS time: 4.745893