err: 0.00868433395751503
std: 0.006893019928995648
CJS time: 4.429163