err: 0.008202447282637085
std: 0.007400394395593401
CJS time: 4.657532