err: 0.4786820961940313
std: 0.3186403679889008
CJS time: 21.94774