err: 0.5755610731612103
std: 0.27981165557473725
CJS time: 19.42048