err: 0.5342371257680976
std: 0.3327976850750862
CJS time: 19.77566