err: 0.6005925722103884
std: 0.27095652900457856
CJS time: 18.67184