err: 0.564763582148925
std: 0.2924504729577097
CJS time: 22.93287