err: 0.5114349910491679
std: 0.3456288022829129
CJS time: 18.01914