err: 0.3548565969119444
std: 0.25872400204781026
CJS time: 4.402246