err: 0.34320618742852765
std: 0.24113625776284553
CJS time: 4.629426