err: 0.3338697722400348
std: 0.2718092889236809
CJS time: 4.148445