err: 0.34744195558342117
std: 0.25478814556089324
CJS time: 4.507479