err: 5549227879054406.0
std: 1.50995871515471e+16
CJS time: 26.72852