err: 4789297070.251034
std: 7051366789.644062
CJS time: 27.81608