err: 771174144.4125559
std: 1337959730.15323
CJS time: 28.2337