err: 5593421383.550091
std: 15190568842.189579
CJS time: 20.55847