err: 0.09226688036204644
std: 0.05344703104828754
CJS time: 4.235488