err: 0.08857287968786343
std: 0.06071150933800381
CJS time: 4.043936