err: 0.058229107924655105
std: 0.09509153733541018
CJS time: 8.853901