err: 0.0729584584898294
std: 0.1256943278280444
CJS time: 9.275229