err: 0.07751606173722136
std: 0.14865475184685514
CJS time: 9.531342