err: 0.07334786995717893
std: 0.13776792608518545
CJS time: 9.434522