err: 0.05215847114358193
std: 0.09273350783733231
CJS time: 9.642009