err: 0.0484930920208139
std: 0.08439040718966481
CJS time: 9.050394