err: 0.04955782270482622
std: 0.08757078500040094
CJS time: 8.475836