err: 0.02618270757114868
std: 0.025369382616550605
CJS time: 9.000523