err: 0.07697625235875544
std: 0.1443089184904487
CJS time: 8.63301