err: 0.06570525905521013
std: 0.07063838333717343
CJS time: 3.724878