err: 0.09264129437562589
std: 0.06383307729264942
CJS time: 3.79738