err: 0.090957985045662
std: 0.05369387404853276
CJS time: 3.746639