err: 0.0931974896477485
std: 0.05421670149537053
CJS time: 3.796859