err: 0.0893965518665642
std: 0.05851815928789561
CJS time: 4.064056