err: 0.05899371916549762
std: 0.014612111645776764
CJS time: 7.275306