err: 0.0587021716236991
std: 0.013735546625817732
CJS time: 4.55758