err: 0.05925370113307379
std: 0.013880895201708264
CJS time: 4.837658