err: 0.05859094225080249
std: 0.01419765893894996
CJS time: 5.245075