err: 0.05840276431647009
std: 0.013448728297848189
CJS time: 4.4489