err: 0.058968919665008446
std: 0.013627735563867706
CJS time: 4.402641