err: 0.059226945916490914
std: 0.014356582700087439
CJS time: 5.384287