err: 0.05887561898391482
std: 0.013557928592508484
CJS time: 4.342057