err: 0.05826342126405134
std: 0.014232050640349249
CJS time: 6.136441