err: 0.05278689778207186
std: 0.020413627814303222
CJS time: 6.549851