err: 0.05907344673417265
std: 0.013733735158932734
CJS time: 4.486465