err: 0.05890249282667621
std: 0.014059229792984778
CJS time: 4.65133