err: 0.05866783583275017
std: 0.013264414128678893
CJS time: 4.278207