err: 0.0586354717698473
std: 0.014237851130540474
CJS time: 4.802439