err: 0.05903772698625167
std: 0.013724565299146186
CJS time: 4.380094