err: 1.1364162577856514
std: 0.9366230671676038
CJS time: 2.686093