err: 1.1399099597207156
std: 0.9393013682581798
CJS time: 3.090011