err: 1.1315492784149643
std: 0.9288838748214249
CJS time: 2.83313