err: 1.1602457175113534
std: 0.9627220227665915
CJS time: 2.838135