err: 1.34322288807212
std: 1.0107794608306249
CJS time: 2.516186