err: 1.1432840902198163
std: 0.9441177492559931
CJS time: 2.617404