err: 0.008561948812514002
std: 0.006963826522400272
CJS time: 1.568301