err: 0.008535162046603607
std: 0.007100579387568539
CJS time: 1.531061