err: 0.008396817052240718
std: 0.007302442049310625
CJS time: 1.603505