err: 0.008515272770589617
std: 0.00703576577099194
CJS time: 1.524625