err: 0.008165836707080277
std: 0.00730113577280695
CJS time: 1.526516