err: 0.008127160302414753
std: 0.0073881438662434145
CJS time: 1.533134