err: 0.008338122659810328
std: 0.007169938610128034
CJS time: 1.569673