err: 0.007978983232022147
std: 0.007430778023603924
CJS time: 1.578658