err: 0.00817322896239492
std: 0.0072303580765038684
CJS time: 1.552291