err: 0.008151644424607321
std: 0.007394842620964417
CJS time: 1.55158