err: 0.008193309811844698
std: 0.007248462804297889
CJS time: 1.531493