err: 1.8825956644418091
std: 1.3485519182549828
CJS time: 1.928459