err: 1.7741943502000292
std: 1.2876560290405168
CJS time: 1.991916