err: 1.7744452973633777
std: 1.2883188110028492
CJS time: 2.016361