err: 1.8826135645870885
std: 1.34856844061976
CJS time: 1.984525