err: 2.03630803976912
std: 1.2269974726555437
CJS time: 2.115117