err: 0.8882791156603812
std: 1.6169564952239477
CJS time: 0.3404138