err: 603404818.4007986
std: 1206809630.0333042
CJS time: 14.43484