err: 1051814.6075736373
std: 1231366.1875769582
CJS time: 14.70371