err: 512061555.55827427
std: 1024123104.0601294
CJS time: 14.30811