err: 9892351260745758.0
std: 1.9784702520795736e+16
CJS time: 14.65274