err: 16699092045.090155
std: 32941399771.4036
CJS time: 12.98595