err: 2.3704271301102633
std: 1.8560208444020287
CJS time: 12.54156