err: 0.6111441173179527
std: 0.3443807316717716
CJS time: 52.72604