err: 0.6137892260678358
std: 0.3446093874037958
CJS time: 45.47102