err: 0.6093098057684372
std: 0.3445614253276397
CJS time: 50.60586