err: 0.6193592126451082
std: 0.34669124092291725
CJS time: 37.01905