err: 0.6120976522897835
std: 0.34263427026489524
CJS time: 56.81287