err: 0.6102384329821426
std: 0.34466398748630683
CJS time: 1.073551