err: 0.6111356888194047
std: 0.34388881432653895
CJS time: 1.034624