err: 0.6108404273490604
std: 0.3441320344646875
CJS time: 47.08664