err: 0.6103893128168717
std: 0.34428464988606544
CJS time: 49.4054