err: 0.6153770750640387
std: 0.34408762103491897
CJS time: 43.50169