err: 0.6125703302159573
std: 0.34552374892770554
CJS time: 53.57513