err: 2.928120102320876
std: 2.6771215893439924
CJS time: 2.897133