err: 74066.32021424164
std: 148125.78508276268
CJS time: 2.894436