err: 3.0904288445080135
std: 3.2763029699249944
CJS time: 2.911411