err: 3.1057525845557263
std: 3.3064130909764398
CJS time: 2.870763