err: 2.014557237385944
std: 1.3889315454658477
CJS time: 2.105999