err: 1.8920444378659107
std: 1.3497987131656861
CJS time: 1.945719