err: 1.88190177331044
std: 1.3478576964445854
CJS time: 1.820613