err: 9.553361749745762e+18
std: 1.351049375274682e+19
CJS time: 2.033941