err: 6879330.603143439
std: 9728839.169256482
CJS time: 1.952777