err: 2487364.224231907
std: 3517660.551905247
CJS time: 1.946489