err: 0.9198985679921862
std: 1.605205574027875
CJS time: 0.8563006