err: 0.9594005178363418
std: 1.679092943356675
CJS time: 0.8659375