err: 0.9257646328061795
std: 1.6801986054196574
CJS time: 0.8494906