err: 0.89687817339881
std: 1.636684344921061
CJS time: 0.8466945