err: 0.8958199701089476
std: 1.6140119747955128
CJS time: 0.8465798