err: 0.8832422626012777
std: 1.6016558234254568
CJS time: 0.8739057