err: 0.8664966887602632
std: 1.6094589121205598
CJS time: 0.8405311