err: 0.9293694422945333
std: 1.6362980522553987
CJS time: 0.8417277