err: 0.8872242616861596
std: 1.628638160838568
CJS time: 0.8559263