err: 0.8885805022690724
std: 1.6205617655325157
CJS time: 0.8700986