err: 0.9777929493559788
std: 1.7256361041735873
CJS time: 0.8308907