err: 0.6143593318645696
std: 0.34083535808745946
CJS time: 2.823869