err: 1.4506443246927798
std: 1.671268957473687
CJS time: 18.92363