err: 1.444833292060191
std: 1.6525708843653388
CJS time: 19.11712