err: 1.4359996318742272
std: 1.6640090374515992
CJS time: 18.97036