err: 1.4472537608478195
std: 1.661785262954853
CJS time: 19.50102