err: 1.4416867479205446
std: 1.6695354368285569
CJS time: 18.93576