err: 1.4475619261220498
std: 1.677064747420372
CJS time: 20.62935