err: 1.4543606036897863
std: 1.6686899253018572
CJS time: 19.46422