err: 1.4460707323056436
std: 1.6701673297566115
CJS time: 18.62962