err: 1.4450414515187615
std: 1.6688184674393525
CJS time: 19.35207