err: 1.439962001945768
std: 1.668271825140162
CJS time: 22.82311