err: 0.01521318095212768
std: 0.0051333876162873195
CJS time: 7.54585