err: 0.014803243794086035
std: 0.00824884776640773
CJS time: 7.312656