err: 0.014294766346398398
std: 0.007650660355673169
CJS time: 7.082764