err: 0.014282038944561655
std: 0.007480050583917688
CJS time: 7.355781