err: 0.015484619512017414
std: 0.006939729474748036
CJS time: 6.988883