err: 0.012585502069086596
std: 0.005982893065439908
CJS time: 6.350445