err: 14593.32536505756
std: 29183.50165568551
CJS time: 6.857012