err: 3.0941005342500296
std: 3.2808295069431015
CJS time: 6.707199