err: 2.3479978544754294
std: 1.826081069900171
CJS time: 6.502586