err: 2.389750969104386
std: 1.71917061634373
CJS time: 7.101901