err: 2107439687.962731
std: 4214879368.911026
CJS time: 6.521158