err: 2.3678348651001584
std: 1.8517914704835245
CJS time: 7.418974