err: 87623759.66267294
std: 175247513.05999118
CJS time: 7.285453