err: 1.5082259047405924
std: 1.1337295695465892
CJS time: 1.390876