err: 1.3624383560294941
std: 1.103910440887737
CJS time: 1.134691