err: 0.09225108802520222
std: 0.06421671163800649
CJS time: 2.899189