err: 0.08617969822823573
std: 0.06103126258420442
CJS time: 3.280364