err: 0.09490366829947194
std: 0.06467158946102261
CJS time: 2.823934