err: 1.3546708544321244
std: 1.0247288690176344
CJS time: 6.92904