err: 1.3535299257451687
std: 1.0218946149064718
CJS time: 6.612844