err: 1.3494997961588349
std: 1.018348286334691
CJS time: 6.54741