err: 1.3532282000239968
std: 1.0198896940805293
CJS time: 6.834265