err: 1.3472882430957045
std: 1.0102731593131062
CJS time: 6.868489