err: 1.3547565355906404
std: 1.0231337659206028
CJS time: 6.547446