err: 1.3483717865766065
std: 1.0143998638422767
CJS time: 6.606648