err: 1.3521829840344217
std: 1.012182673247486
CJS time: 6.653394