err: 1.3488279792909144
std: 1.0182463780868014
CJS time: 6.802532