err: 1.3492197334355553
std: 1.0041100035422585
CJS time: 6.856902