err: 1.3592317703445127
std: 1.021865939155354
CJS time: 6.695697