err: 1.3470026274112712
std: 1.0128817459676773
CJS time: 6.776535