err: 1.3495656568807954
std: 1.0154306752671562
CJS time: 6.760713