err: 3.0058994981163677e+30
std: 7.362919988473145e+30
CJS time: 25.53834