err: 0.45942090452453394
std: 0.23244767831694124
CJS time: 32.37351