err: 0.5002425973989345
std: 0.25011846609031657
CJS time: 29.63202