err: 0.4865816099295065
std: 0.3478769533960427
CJS time: 29.55996