err: 0.014963372267700142
std: 0.008358209016270388
CJS time: 3.422108