err: 0.014064394900364471
std: 0.006865706519152778
CJS time: 3.534591