err: 0.013638448864224903
std: 0.00805498318174087
CJS time: 3.137603