err: 0.013985063385229988
std: 0.00701602101927238
CJS time: 3.426104