err: 0.01492486222265377
std: 0.007982950277240369
CJS time: 3.368654