err: 0.012733035294060863
std: 0.005739820718055628
CJS time: 3.416999