err: 0.014767835523404932
std: 0.0077018278547289765
CJS time: 3.482408