err: 0.013654067734830638
std: 0.007492090258171737
CJS time: 3.54357