err: 0.01376831431011308
std: 0.006394647122972193
CJS time: 3.473316