err: 0.015632804412057374
std: 0.007964067754287981
CJS time: 3.627754