err: 0.013942128924477116
std: 0.006132020892651537
CJS time: 3.394288