err: 0.014158939559196136
std: 0.0075144752096328645
CJS time: 3.429208