err: 0.014128643227818405
std: 0.0076353926934033395
CJS time: 3.673614