err: 0.0143638745279088
std: 0.00692084429884758
CJS time: 3.516473