err: 0.014592600419535714
std: 0.006926300955933691
CJS time: 3.416645