err: 0.09227989608683256
std: 0.06424495016697881
CJS time: 2.370249