err: 0.08846081685581582
std: 0.05743614037073767
CJS time: 2.148856