err: 0.11562206720040673
std: 0.07564522320389487
CJS time: 2.095109