err: 0.06571003142864702
std: 0.07063641392303552
CJS time: 2.105784