err: 0.05022590754405785
std: 0.023903534454704382
CJS time: 0.9063663