err: 0.05922170813435921
std: 0.013674798413178693
CJS time: 0.9760301