err: 0.05914462704657792
std: 0.013573305127815167
CJS time: 0.99775