err: 0.05926426834909826
std: 0.013670123874606024
CJS time: 0.9670229