err: 0.03664683793515706
std: 0.025322895386472075
CJS time: 1.00716