err: 0.05854585474101237
std: 0.013731302370799097
CJS time: 1.041255