err: 0.058487665908454674
std: 0.014100992538402472
CJS time: 1.026789