err: 0.05919991184911306
std: 0.013613742578836933
CJS time: 1.034287