err: 0.05892916026776205
std: 0.01356474039054314
CJS time: 0.9628458