err: 0.058704615177996945
std: 0.014011998944726255
CJS time: 0.9529414