err: 0.05892422841506991
std: 0.013625483680084647
CJS time: 3.771204