err: 0.05383129434335471
std: 0.018867405670424126
CJS time: 3.599029