err: 0.059411370917427535
std: 0.01392491247357365
CJS time: 4.231922