err: 0.0589366511989616
std: 0.013399004665375334
CJS time: 3.637642