err: 0.05899253650353753
std: 0.013847897432013255
CJS time: 3.394575