err: 0.05917326003728276
std: 0.013857039701888724
CJS time: 3.553396