err: 0.05849104952370714
std: 0.01395579451879621
CJS time: 4.340514