err: 0.05817287505466507
std: 0.014105238142953532
CJS time: 4.786581