err: 0.0588652696203654
std: 0.013461301418585286
CJS time: 3.459506