err: 0.059109978108606596
std: 0.01356996971681671
CJS time: 3.272169