err: 0.05970759282724627
std: 0.014208926556251028
CJS time: 4.206877