err: 0.053694910785792145
std: 0.019973270435806736
CJS time: 3.158288