err: 0.09226420462438016
std: 0.06421304187297208
CJS time: 1.602466