err: 0.06541723518802459
std: 0.07088238400173252
CJS time: 1.625138