err: 0.0781988839158111
std: 0.0622435570210659
CJS time: 1.514591