err: 0.011990807041521938
std: 0.013092231743310772
CJS time: 1.626431