err: 0.09191643064812498
std: 0.06459686928403847
CJS time: 1.56254