err: 0.09222923969295861
std: 0.06421992237783235
CJS time: 1.638019