err: 0.5440426578562322
std: 0.3570661690989161
CJS time: 7.33551