err: 0.48033188862982545
std: 0.31049145314443405
CJS time: 8.291147