err: 0.5286608838398915
std: 0.30298412800884383
CJS time: 8.855021