err: 0.5726818008828728
std: 0.3116038030855672
CJS time: 9.511192