err: 0.5374473265853393
std: 0.27764236608487064
CJS time: 9.714168