err: 0.8699953784941662
std: 0.406532135760908
CJS time: 5.24655