err: 1.7318607782651338
std: 1.4841130775833726
CJS time: 15.23403