err: 1.6913088616907779
std: 1.584989852654155
CJS time: 15.0148