err: 1.6759628680489946
std: 1.662489615831191
CJS time: 13.65118