err: 1.704193644840648
std: 1.5465011080356719
CJS time: 14.87422