err: 1.6935054603390607
std: 1.552100146674148
CJS time: 14.76336