err: 1.5592105266248304
std: 1.4922816310635127
CJS time: 14.88136