err: 1.675995078796013
std: 1.5784053924196115
CJS time: 14.54641