err: 39061.926216289095
std: 55237.900116616634
CJS time: 5.971984