err: 2.0993602758564385
std: 1.2923755223780764
CJS time: 6.150258