err: 8757.682644821938
std: 12381.23126712431
CJS time: 5.795207