err: 8942.08626813113
std: 12642.007029200537
CJS time: 5.320657