err: 2.0732356741945566
std: 1.2645316271555667
CJS time: 5.222256