err: 4203.753244268247
std: 5941.008233982695
CJS time: 5.818256