err: 0.059265623497543
std: 0.014012022713739861
CJS time: 3.76633