err: 0.05919243316612597
std: 0.013392223931879978
CJS time: 3.380897