err: 0.058584503261377076
std: 0.013055969312235221
CJS time: 3.372015