err: 0.0586572781650326
std: 0.013139979630860733
CJS time: 3.182109