err: 0.059259619174775534
std: 0.013643758664459615
CJS time: 3.519478