err: 0.058698137308112845
std: 0.013486479979265472
CJS time: 3.887697