err: 0.058679545208041854
std: 0.013411436483377566
CJS time: 3.6271