err: 0.05644417109416892
std: 0.01813055728401306
CJS time: 4.228353