err: 0.05629481393332509
std: 0.10488397054252195
CJS time: 2.948963