err: 0.05955573199542133
std: 0.10942959168197576
CJS time: 3.158648