err: 0.07350792887819103
std: 0.1417659225027035
CJS time: 2.973692