err: 0.00957280364465028
std: 0.011000501492896062
CJS time: 3.280582