err: 0.008750056576509648
std: 0.003996156304971004
CJS time: 3.008827