err: 1.0593383976828228
std: 1.4124927085627992
CJS time: 8.654268