err: 1.0117782631842656
std: 1.7651519407864145
CJS time: 9.326204