err: 1.0019479460018959
std: 1.8111716537123832
CJS time: 9.882619