err: 120.93212280063109
std: 268.35668144271875
CJS time: 8.872841