err: 0.6396655806020869
std: 0.37078478218336747
CJS time: 5.270357