err: 0.861652455687735
std: 0.4038443866471269
CJS time: 3.229532