err: 0.6475879162551562
std: 0.3766622315887086
CJS time: 4.07135