err: 0.8639565692159659
std: 0.4060832942684033
CJS time: 3.277289