err: 0.6972284646934137
std: 0.3491687785015504
CJS time: 4.021304