err: 1.760178162074759e+17
std: 3.935878022909803e+17
CJS time: 1.282276