err: 608263626.1646103
std: 1360118803.260118
CJS time: 1.107934