err: 67031390423.00231
std: 149886745604.53714
CJS time: 1.101089