err: 0.481447441142087
std: 0.33351043891670334
CJS time: 31.46408