err: 0.4889107324319874
std: 0.3334231053330697
CJS time: 25.19257