err: 0.49713364849352226
std: 0.3173002228563172
CJS time: 33.15015