err: 0.5232105187325834
std: 0.3244937153581345
CJS time: 27.61603