err: 0.4938563734374944
std: 0.33294028810579623
CJS time: 36.32067