err: 0.008886053924414524
std: 0.004003449858431075
CJS time: 1.87675