err: 0.07198424159325842
std: 0.1382596787712209
CJS time: 1.761683