err: 0.008588008147929092
std: 0.006286315875995444
CJS time: 1.924853