err: 0.07993085424711148
std: 0.06103888760595506
CJS time: 1.681486