err: 0.1152571824159001
std: 0.07615374711175397
CJS time: 1.674367