err: 0.09219201450276909
std: 0.06428295820840875
CJS time: 1.706244