err: 0.05893476392018251
std: 0.013429565142606547
CJS time: 2.432744