err: 0.05914613039185513
std: 0.013761570336487247
CJS time: 2.467984