err: 0.059377935896681146
std: 0.013631755731662023
CJS time: 2.755355