err: 0.059037919986013744
std: 0.013412853189304744
CJS time: 2.395722