err: 0.05908694972939397
std: 0.0139124647189174
CJS time: 2.540465