err: 0.058755900895376
std: 0.01386506153637399
CJS time: 2.435862