err: 0.059251531739399156
std: 0.013625399886682696
CJS time: 2.443264