err: 0.059142457367672326
std: 0.013639084305003579
CJS time: 2.527623