err: 0.05949285677351442
std: 0.013911500421837548
CJS time: 2.424908