err: 0.058997735669782704
std: 0.014274132599272482
CJS time: 3.142775