err: 0.0587291685861849
std: 0.013650409627731942
CJS time: 2.378606