err: 193715738961.5107
std: 493513034942.49994
CJS time: 25.24119