err: 5484741034.709911
std: 15473078841.792036
CJS time: 18.88517