err: 1654548888.4858108
std: 4560825795.169411
CJS time: 25.68432