err: 1.34287007772411
std: 1.010635372233726
CJS time: 2.44983