err: 1.3506819270791786
std: 1.0263460568416778
CJS time: 2.408443