err: 1.1473214996967824
std: 0.9495521946073558
CJS time: 2.850741