err: 1.3521156001302785
std: 1.0176050615157621
CJS time: 2.43855