err: 1.1356188730202734
std: 0.9332886342798693
CJS time: 2.840182