err: 1.3484359292223067
std: 1.0140511886935268
CJS time: 2.407015