err: 1.3518524011190907
std: 1.0222662579183333
CJS time: 2.414018