err: 1.354872912056819
std: 1.020783714234405
CJS time: 2.426621