err: 0.05529575541004156
std: 0.01346166731281836
CJS time: 0.9240794