err: 0.059071545317187744
std: 0.014158487822677614
CJS time: 0.7982862