err: 0.05851268546063654
std: 0.014611325752394776
CJS time: 0.8000536