err: 0.05482109500876048
std: 0.012696988108547202
CJS time: 0.8428435