err: 2394757331.3034825
std: 4681786768.5473795
CJS time: 34.04474