err: 357680284.18533456
std: 1060883827.5942773
CJS time: 33.94016