err: 1.5485684350240332e+19
std: 4.432259117636874e+19
CJS time: 26.80256