err: 4311109383.150088
std: 8395805561.37293
CJS time: 31.60268