err: 43385964276.25361
std: 82288673104.11267
CJS time: 36.21671