err: 245951049426.85995
std: 519146431930.74115
CJS time: 35.74487