err: 0.3253419309630762
std: 0.24440114584828337
CJS time: 5.214496