err: 0.3502095363406072
std: 0.24089939786382364
CJS time: 5.668501