err: 0.314433839644009
std: 0.18794276430981216
CJS time: 5.454962