err: 0.3494008534660758
std: 0.2609023843253215
CJS time: 5.927527