err: 0.6141265316454184
std: 0.3414998705380984
CJS time: 2.658929