err: 0.6384711765754905
std: 0.3377125129205658
CJS time: 2.953586