err: 0.6476512490966092
std: 0.3767427448396635
CJS time: 3.446528