err: 0.6474676006503944
std: 0.3770193624107712
CJS time: 2.79632