err: 1.4415854336215719
std: 1.65329592488068
CJS time: 12.9885