err: 1.4488914745553523
std: 1.660626723111809
CJS time: 14.06603