err: 1.4500558961473118
std: 1.6706955573970155
CJS time: 13.41172