err: 1.4356297322941107
std: 1.6582008326209265
CJS time: 14.4673