err: 1.461915816396281
std: 1.6753382939112116
CJS time: 13.24656