err: 1.4502994088144838
std: 1.6675664672255444
CJS time: 13.65774