err: 1.4773367030246758
std: 1.715837470137649
CJS time: 14.52086