err: 1.475893216032428
std: 1.685020302506123
CJS time: 14.0903