err: 1.4571635140707904
std: 1.665817188230637
CJS time: 13.23548