err: 1.4476315043785601
std: 1.6752134312388995
CJS time: 12.39564