err: 1.4499319686686736
std: 1.6635888509055836
CJS time: 13.80895