err: 923495.6982815764
std: 2064992.9506134547
CJS time: 0.8460956