err: 1.35723737977139e+45
std: 3.0348750427725256e+45
CJS time: 3.085623