err: 2.3781849939273977e+22
std: 3.71469960103082e+22
CJS time: 2.93419