err: 1.2847857128103188
std: 1.127965837691209
CJS time: 4.746267