err: 1.0262279916434998
std: 1.1940145471174788
CJS time: 4.807097