err: 0.815250900305661
std: 1.2529423576267003
CJS time: 4.825422