err: 0.9142906305437939
std: 1.5836841548363783
CJS time: 4.732161