err: 1.0288339492990384
std: 1.456679672076245
CJS time: 4.848326