err: 0.9481864160795749
std: 1.6993510337178774
CJS time: 4.911999