err: 1.078047504562702
std: 1.843957557525733
CJS time: 4.754919