err: 0.9545930806658323
std: 1.6605043482014652
CJS time: 4.828428