err: 0.9848010072650283
std: 1.6989069128815713
CJS time: 5.113175