err: 0.890495118078143
std: 1.2167460188203991
CJS time: 4.855004