err: 0.610758518856444
std: 0.34283476547815
CJS time: 56.32641