err: 0.610403060405874
std: 0.34405269181182146
CJS time: 51.23637