err: 0.6106971923157387
std: 0.34403340468827937
CJS time: 45.95327