err: 0.6110202483855408
std: 0.34524212019783873
CJS time: 48.35041