err: 0.6090237883242821
std: 0.34472464159860844
CJS time: 53.37565