err: 0.6101834841672888
std: 0.3448321865663495
CJS time: 51.39374