err: 0.6100054746894356
std: 0.34390308333958736
CJS time: 45.83911