err: 0.6162653522270813
std: 0.34726978229703687
CJS time: 49.06302