err: 0.6099569439333442
std: 0.34588192105305754
CJS time: 56.53797