err: 0.29417259450066485
std: 0.23268501812601497
CJS time: 3.039092