err: 0.30848718426155086
std: 0.2568071894671642
CJS time: 2.961943