err: 0.27928904256959536
std: 0.1782621161230897
CJS time: 2.917253