err: 0.292511975652288
std: 0.2724879709681989
CJS time: 3.232622