err: 0.3672195651335392
std: 0.27026482235366855
CJS time: 3.323971