err: 0.014601325763663471
std: 0.00802451064946053
CJS time: 5.045847