err: 0.013717591823804854
std: 0.007565407223121517
CJS time: 5.199925