err: 0.015059651607278594
std: 0.0084756296370722
CJS time: 5.098609