err: 0.013753404541902624
std: 0.008197982893817077
CJS time: 4.849978