err: 0.015112230627355132
std: 0.006644358674475504
CJS time: 5.039172