err: 0.014570956709231126
std: 0.007651662183053187
CJS time: 5.171283