err: 0.012959794330553782
std: 0.006261102929791976
CJS time: 4.880528