err: 0.015255193677804183
std: 0.005685819699251225
CJS time: 5.388419