err: 0.013140920925915435
std: 0.009683433669547256
CJS time: 5.361533