err: 0.014616841497920119
std: 0.008337826016938797
CJS time: 4.71488