err: 0.504074152528662
std: 0.34575712359120014
CJS time: 33.85479