err: 0.5258765762765967
std: 0.3318152954745231
CJS time: 33.4448