err: 0.4732194216451881
std: 0.24735404744117168
CJS time: 40.54567