err: 0.5066881254840682
std: 0.23810490909282436
CJS time: 40.13105