err: 1.1379375716636568
std: 0.9439493507883718
CJS time: 1.351787