err: 1.1403089160165198
std: 0.9417412986528197
CJS time: 1.42354