err: 1.1389126358292738
std: 0.9360686475902507
CJS time: 1.361382