err: 1.1370399594155178
std: 0.9368686265920954
CJS time: 1.446508