err: 1.1325085952422451
std: 0.9338089720366802
CJS time: 1.376282