err: 1.1504233994025832
std: 0.9467255974460141
CJS time: 1.387413