err: 1.1500560144033907
std: 0.951182056682504
CJS time: 1.373807