err: 1.1333874258979535
std: 0.9284829863175696
CJS time: 1.356116