err: 1.1297102658017242
std: 0.9301199566495342
CJS time: 1.444757