err: 1.137708765330401
std: 0.9389071915688976
CJS time: 1.388752