err: 1.1302586763351434
std: 0.92664584030806
CJS time: 1.347758