err: 1.1327398703703822
std: 0.9336758132661359
CJS time: 1.380975