err: 1.1414971307465487
std: 0.938746247294383
CJS time: 1.382263