err: 1.1393802000706519
std: 0.9404806468680184
CJS time: 1.420228