err: 0.6124785420767171
std: 0.34214305340922235
CJS time: 6.921612