err: 0.6109663402966907
std: 0.34249070804146775
CJS time: 6.780233