err: 0.6119281919071758
std: 0.3416979064359611
CJS time: 7.566247