err: 0.6103873137362158
std: 0.34298406470320025
CJS time: 7.140933