err: 0.611054171753505
std: 0.3429285801100372
CJS time: 7.541872