err: 0.610975443060347
std: 0.34199699282614093
CJS time: 7.293451