err: 0.6105083468395912
std: 0.34368608958295815
CJS time: 8.121231