err: 0.6116247310850127
std: 0.3413698162868707
CJS time: 9.879333