err: 0.61084489393985
std: 0.3421765791763476
CJS time: 7.902071