err: 0.6110817544622135
std: 0.342200206713494
CJS time: 7.242702