err: 0.6105768112691127
std: 0.3438576636587586
CJS time: 7.040587