err: 0.6100601861891211
std: 0.3433956057137528
CJS time: 6.090607