err: 0.6113411499080341
std: 0.34242397413811976
CJS time: 9.124038