err: 0.611777635642009
std: 0.3426372325195247
CJS time: 7.641442