err: 0.6309507277708641
std: 0.3478109011377493
CJS time: 5.231403