err: 0.6302849859283413
std: 0.3490182023857564
CJS time: 6.025667