err: 4346291732.513133
std: 9225132359.983952
CJS time: 19.02033