err: 1.470688069396305e+25
std: 3.631614672349309e+25
CJS time: 15.84646