err: 504421118561.91296
std: 960335618335.3711
CJS time: 19.36941