err: 11872763.525414076
std: 30285772.403326686
CJS time: 19.04518