err: 0.01401167803349024
std: 0.008878007910201274
CJS time: 7.285143