err: 0.014601390022436525
std: 0.008292384506100316
CJS time: 7.217327