err: 0.01291943983787669
std: 0.005680138708096728
CJS time: 7.560625