err: 0.0151132634137751
std: 0.006945468824954771
CJS time: 7.48859