err: 0.01415322212660794
std: 0.009037652555982682
CJS time: 7.429152