err: 0.014886730836267466
std: 0.004727415445362825
CJS time: 7.155465