err: 0.012885411611226269
std: 0.008692941777009617
CJS time: 7.379859