err: 0.014213176986665355
std: 0.007515011749357115
CJS time: 7.239467