err: 0.015297426814902274
std: 0.007414232938907536
CJS time: 6.944857