err: 0.016206933812534383
std: 0.00439463797319301
CJS time: 7.511706