err: 0.012969488332841582
std: 0.009400533568730541
CJS time: 7.446129