err: 0.0150764062318805
std: 0.006159252555898043
CJS time: 7.150053