err: 0.013934780231253113
std: 0.007500432163283118
CJS time: 7.276827