err: 0.015557176798740044
std: 0.007704172741851793
CJS time: 7.35613