err: 410646.80098384485
std: 302571.1954442734
CJS time: 4.313694