err: 1.8876279539143235
std: 1.3465228917328962
CJS time: 3.840685