err: 2.067780765609021
std: 1.256548760319647
CJS time: 4.525095