err: 0.8430499894098115
std: 1.195516248930735
CJS time: 6.706247