err: 0.8202840770117117
std: 1.3509543207154464
CJS time: 6.846971