err: 3.692661964024114e+95
std: 8.257043169485802e+95
CJS time: 6.973938