err: 0.9739396304405026
std: 1.704454179224338
CJS time: 6.629413