err: 0.9825175405593125
std: 1.752390857871507
CJS time: 6.505996