err: 1.038734144984371
std: 1.6698983445457607
CJS time: 6.594065