err: 0.9534368952305113
std: 1.6758618678888002
CJS time: 6.654151