err: 1.061341575827462
std: 1.7934923698240317
CJS time: 6.675273