err: 1.0578259878012246
std: 1.8416039900058228
CJS time: 6.443411