err: 0.058517447663674706
std: 0.014088690606106628
CJS time: 1.906995