err: 0.05900902676973018
std: 0.01352373900360942
CJS time: 1.62514