err: 0.05912661847449047
std: 0.013603116481825972
CJS time: 1.690193