err: 0.05895422071219703
std: 0.013555202333865526
CJS time: 1.599439