err: 0.059148877975119495
std: 0.013504566861397014
CJS time: 1.745961