err: 0.058759874665102574
std: 0.013284950530613925
CJS time: 1.741996