err: 1.4411978413811684
std: 1.6677280617618955
CJS time: 5.293605