err: 1.4569898476559655
std: 1.6797420141738926
CJS time: 4.44469