err: 1.4504004823999863
std: 1.66829992630612
CJS time: 4.877015