err: 1.4424981653514592
std: 1.6675715894529652
CJS time: 4.509263