err: 1.4500723206842259
std: 1.6710409593493252
CJS time: 5.300801