err: 1.4432621883362544
std: 1.667652350792256
CJS time: 5.239848