err: 1.4460976452516558
std: 1.6697120919335249
CJS time: 5.393062