err: 1.4392190150695856
std: 1.6567794418997457
CJS time: 4.331855