err: 1.4565513288603054
std: 1.6702245669033986
CJS time: 4.984089