err: 1.4484467269541057
std: 1.6743499348593092
CJS time: 5.054864