err: 1.4424521066363851
std: 1.6570395752998865
CJS time: 6.154192