err: 1.0112527910119548e+70
std: 2.0460760186022598e+70
CJS time: 10.79377