err: 2.627139539102985e+25
std: 7.881327424217905e+25
CJS time: 12.42677