err: 3655574.34858227
std: 7767419.865510544
CJS time: 12.95466