err: 1226145604.9986935
std: 2235412315.3434315
CJS time: 9.159881