err: 38033481526.046906
std: 73167864335.21077
CJS time: 9.429023