err: 74403436.0321894
std: 203213287.1618601
CJS time: 11.3281