err: 1.7275724814840108
std: 1.6383942290233964
CJS time: 9.142591