err: 1.8573068353401854
std: 1.9512650328825434
CJS time: 9.080525