err: 1.5271933478672515
std: 1.3874880559233909
CJS time: 8.21282