err: 1.769858115101862
std: 1.732703507699969
CJS time: 9.360636