err: 1.5861585453674008
std: 1.500954772196651
CJS time: 8.072721