err: 1.8072996581336702
std: 1.7556507016393192
CJS time: 7.977795