err: 1.6389296906825905
std: 1.5175776885194563
CJS time: 8.218159