err: 1.6150960254562023
std: 1.4654276372008697
CJS time: 8.276608