err: 2.0184574259026395
std: 1.7204455629896742
CJS time: 8.442916