err: 3.522022435634181
std: 3.1291406399777704
CJS time: 6.906325