err: 1.7839083204387474
std: 1.61933989456001
CJS time: 8.62588