err: 3.890667147370023
std: 3.4626405058029905
CJS time: 7.00454