err: 1.6376570270427067
std: 1.5925047703268838
CJS time: 8.413084