err: 0.016144877915343237
std: 0.010739379952766278
CJS time: 0.5897005