err: 0.0955022185961595
std: 0.04787203592958441
CJS time: 0.6112068