err: 0.022778037659460376
std: 0.011503366586825648
CJS time: 0.5554442