err: 0.11610367097647678
std: 0.07106157097464319
CJS time: 0.6070507