err: 0.014679900705498227
std: 0.004751705363262147
CJS time: 0.5828183