err: 0.016203035611413345
std: 0.008307581740328291
CJS time: 0.5939741