err: 0.008319258546534106
std: 0.0073235406013367746
CJS time: 10.95209