err: 0.008288219832544193
std: 0.007289049809758684
CJS time: 10.10941