err: 0.008538895028317785
std: 0.0071651101691545035
CJS time: 10.81011