err: 0.008298169007816937
std: 0.007101057945412014
CJS time: 11.07079