err: 0.008503556151087298
std: 0.007113587013362649
CJS time: 10.19494