err: 0.008255559709587185
std: 0.007544269974329498
CJS time: 10.45033