err: 0.008440330137023258
std: 0.007398949621282854
CJS time: 10.48197