err: 0.008177837265782905
std: 0.00747845415052772
CJS time: 10.53973