err: 0.00850501357492045
std: 0.006730174966717998
CJS time: 10.73068