err: 0.008854441438127506
std: 0.006902678351683795
CJS time: 10.72407