err: 0.007822285702816548
std: 0.00758493797533455
CJS time: 10.57026