err: 0.00843673020382686
std: 0.007624028252297128
CJS time: 10.18512