err: 0.6110355444432741
std: 0.34220736631852305
CJS time: 4.37437