err: 0.6109899160339693
std: 0.34211211485173515
CJS time: 3.951416