err: 0.6321391635464774
std: 0.34681679512417846
CJS time: 3.569355