err: 0.611745463870572
std: 0.3418029370699144
CJS time: 3.885592