err: 0.6108212864364304
std: 0.34320196959993815
CJS time: 4.059713