err: 0.6112541726113967
std: 0.34204963863276444
CJS time: 3.948417