err: 0.6111970162803797
std: 0.3422263437717532
CJS time: 4.600715