err: 0.6311231956765153
std: 0.3481771205620529
CJS time: 3.735645