err: 0.6110411814840584
std: 0.3423495399401738
CJS time: 4.475843