err: 0.61103612732651
std: 0.3423090917300542
CJS time: 3.520138