err: 0.015727888502889798
std: 0.007687146730437768
CJS time: 8.507855