err: 0.014923488727013288
std: 0.007138883169939749
CJS time: 10.30513