err: 0.01390999856885525
std: 0.007505155102454366
CJS time: 10.25683