err: 0.01474983945121078
std: 0.006313215690187827
CJS time: 9.722071