err: 0.014414559112087546
std: 0.006951874805872618
CJS time: 9.748457