err: 0.01356007322426205
std: 0.004592208402425161
CJS time: 9.815256