err: 0.014496150362815064
std: 0.0082644728559414
CJS time: 10.18488