err: 0.014045571124459944
std: 0.007580320166567439
CJS time: 9.876532