err: 0.014985950076427931
std: 0.007530184841540592
CJS time: 9.455967