err: 0.014262077457238937
std: 0.008220932069656746
CJS time: 8.445021