err: 6.423647547525246
std: 10.277547426169306
CJS time: 1.567157