err: 1.3540077626232765
std: 1.0229262796443028
CJS time: 3.536173