err: 1.3488553489941262
std: 1.0150454075715614
CJS time: 3.630055