err: 1.1443384739011069
std: 0.9389376329483728
CJS time: 4.107422