err: 1.1426977985139062
std: 0.9275698590610607
CJS time: 4.492444