err: 1.1416538585334517
std: 0.9416789069643995
CJS time: 4.361381