err: 1.3443081721559
std: 1.0093133574360342
CJS time: 3.566243