err: 1.3660464248086466
std: 1.0245970337771662
CJS time: 3.492239