err: 1.3506466000779735
std: 1.019293236157251
CJS time: 3.639092