err: 1.3494123114425995
std: 1.0217227305967278
CJS time: 3.516516