err: 0.014602788664007126
std: 0.008497605375332014
CJS time: 0.6938372