err: 0.013473219688378758
std: 0.007352999939002052
CJS time: 0.7057359