err: 0.014649619927132138
std: 0.008722027255795605
CJS time: 0.6962748