err: 0.013764358461252348
std: 0.007723949057631392
CJS time: 0.6985843