err: 0.014567872379294487
std: 0.006920148280776324
CJS time: 0.6927638