err: 0.014427384516350358
std: 0.007735829515450729
CJS time: 0.7096939