err: 0.01408331263614862
std: 0.007793586498336456
CJS time: 0.7014897