err: 0.013996262827199348
std: 0.008099845578254803
CJS time: 0.7072268