err: 0.014175790629973076
std: 0.00802477975924223
CJS time: 0.7081358