err: 0.013945410306580362
std: 0.007996815495026907
CJS time: 0.6890872