err: 0.01323449255904668
std: 0.006729505585224168
CJS time: 0.6937439