err: 0.01311973797625484
std: 0.007511825180387582
CJS time: 0.7224007