err: 0.014213966656474007
std: 0.007714943896293211
CJS time: 0.7043974