err: 0.008531648603452192
std: 0.007027792090964568
CJS time: 4.642099