err: 0.008092073301836934
std: 0.007227132602409734
CJS time: 4.23093