err: 0.008701113404521097
std: 0.006881808222236564
CJS time: 4.521063