err: 0.00811075239915566
std: 0.007258967587704834
CJS time: 4.716016