err: 0.008352366100062068
std: 0.0070305236134987825
CJS time: 4.590191