err: 0.007952339438439331
std: 0.007578505659487374
CJS time: 4.742543