err: 0.00857623531486902
std: 0.007008720959300985
CJS time: 4.508167