err: 0.008168639437603773
std: 0.007122229316049674
CJS time: 4.656958