err: 0.008466044461171452
std: 0.0071218784236353316
CJS time: 4.768975