err: 0.014210768329070797
std: 0.008146475310408505
CJS time: 1.564471