err: 0.014416514643270338
std: 0.007924127387478119
CJS time: 1.602664