err: 0.01412211154735945
std: 0.007808108027651082
CJS time: 1.614858