err: 0.012446214013906698
std: 0.008909545746464092
CJS time: 1.558097