err: 0.014169779345299572
std: 0.007559341430383107
CJS time: 1.551097