err: 0.01360760372369652
std: 0.007938453424620602
CJS time: 1.585807