err: 0.014248776874197011
std: 0.007880618635986027
CJS time: 1.552203