err: 0.014101597736005228
std: 0.007405161052227092
CJS time: 1.615902