err: 0.013939476861926231
std: 0.007338712654990256
CJS time: 1.618837