err: 0.01392077801020186
std: 0.008033621032399282
CJS time: 1.513425