err: 0.014597708838658602
std: 0.007292581325289833
CJS time: 1.609512