err: 0.059271771947135045
std: 0.013790041506933021
CJS time: 1.630758