err: 0.059193079321180196
std: 0.013721538838835812
CJS time: 1.686118