err: 0.058532227446770675
std: 0.014060693010821926
CJS time: 1.780679