err: 0.05919719720234429
std: 0.013721012076415998
CJS time: 1.666643