err: 0.059263248781995126
std: 0.014179852208033765
CJS time: 1.58346