err: 0.05911480798909286
std: 0.013576234436474374
CJS time: 1.658517