err: 0.05881996188263649
std: 0.01350076132549174
CJS time: 1.599433