err: 0.059113918357750185
std: 0.01367647456424361
CJS time: 1.657534