err: 0.05852364676028148
std: 0.014136860025567742
CJS time: 1.750896