err: 0.05894964462012431
std: 0.013590308188465967
CJS time: 1.645886