err: 0.05920245149337184
std: 0.013715742184043703
CJS time: 1.651155