err: 0.04793074115693563
std: 0.027202825418525298
CJS time: 1.645276