err: 0.05909428624028861
std: 0.01372450679824002
CJS time: 1.557422