err: 0.05900583256929637
std: 0.013586402806975758
CJS time: 1.584246