err: 0.0091116002271052
std: 0.00405718711810397
CJS time: 3.032641