err: 0.01879885121795193
std: 0.022947440343192398
CJS time: 2.702787