err: 0.07424312092201293
std: 0.14343093673849117
CJS time: 2.913859