err: 0.009222441386623396
std: 0.006420693355367605
CJS time: 3.100561