err: 0.08149352305822592
std: 0.15945751650454976
CJS time: 2.886292