err: 1.3466284863943538
std: 1.011441885691688
CJS time: 2.556134