err: 1.3442822131143248
std: 1.0103432351558177
CJS time: 2.420393