err: 1.3463690091777518
std: 1.016200827901656
CJS time: 2.433423