err: 1.3466577011967489
std: 1.0157389932294778
CJS time: 2.547809