err: 1.3443239049886067
std: 1.0145824755802675
CJS time: 2.416156