err: 1.1353729446204521
std: 0.9373806244469358
CJS time: 2.726898