err: 1.1449609368407059
std: 0.9464948017674011
CJS time: 2.666146