err: 1.1361066880735622
std: 0.9316476353938958
CJS time: 2.767561