err: 1.1407566717519484
std: 0.9505831752231148
CJS time: 2.661767