err: 1.1336246381175863
std: 0.9377704015514701
CJS time: 2.774553