err: 1.134527275246142
std: 0.9348156147642135
CJS time: 2.691535