err: 1.1435144542081241
std: 0.9394743732811663
CJS time: 2.75031