err: 1.131604370373589
std: 0.9288763799453567
CJS time: 2.616876