err: 1.3499551029903343
std: 1.018594994887941
CJS time: 2.460546