err: 0.5487013278560864
std: 0.15225147985611612
CJS time: 1.240225