err: 0.019230134295316177
std: 0.02397848836315328
CJS time: 1.625401