err: 2.5542130685362655e+54
std: 5.711394050265419e+54
CJS time: 1.02341