err: 0.3537870436261106
std: 0.009537604813482526
CJS time: 1.109947