err: 0.014373494370869771
std: 0.008289104995422571
CJS time: 3.185004