err: 0.014984640111843186
std: 0.006888499864402381
CJS time: 3.163578