err: 0.013603695231522444
std: 0.006947012591367474
CJS time: 2.948363