err: 0.015212899556294771
std: 0.007036622537108613
CJS time: 3.196984