err: 0.013317736485992505
std: 0.0077583756360445595
CJS time: 3.161142