err: 0.014789787730399413
std: 0.006845725634986298
CJS time: 3.069606