err: 0.014923619897540452
std: 0.006960921154023356
CJS time: 2.999483