err: 0.013292740929883447
std: 0.005936799384440021
CJS time: 3.248731