err: 0.01390626382546295
std: 0.00833445417083292
CJS time: 3.178532