err: 0.014184475464016995
std: 0.00854477951076542
CJS time: 3.120262