err: 0.01371656539075527
std: 0.006478416971176517
CJS time: 3.218086