err: 0.014091272153572079
std: 0.008068429667423728
CJS time: 0.6884198