err: 0.014083963758120125
std: 0.007958752133885078
CJS time: 0.6674175