err: 0.014672530528871297
std: 0.008569732015779166
CJS time: 0.6990349