err: 0.013969624775695723
std: 0.007206129395616576
CJS time: 0.705713