err: 0.014217720851983036
std: 0.007713626161506098
CJS time: 0.6977284