err: 0.014280236427410387
std: 0.008284543835309547
CJS time: 0.68507