err: 0.013912830021172252
std: 0.007914703542811569
CJS time: 0.6983805