err: 0.05921225671078854
std: 0.01365523808485361
CJS time: 1.747983