err: 0.05903799010019909
std: 0.01346488375036802
CJS time: 1.754798