err: 0.0592832764994444
std: 0.013579936282896835
CJS time: 1.651851