err: 0.058721085576618294
std: 0.013283505027106174
CJS time: 1.679222