err: 0.058864061620897634
std: 0.01354239923916608
CJS time: 1.728614