err: 0.0590375041083591
std: 0.014158982138212936
CJS time: 1.686948