err: 0.05928443008923029
std: 0.013622041253901986
CJS time: 1.635083