err: 0.059422653069525155
std: 0.014008931190544053
CJS time: 1.704602