err: 0.05894521050047647
std: 0.01342346796750245
CJS time: 1.972466