err: 0.058949439824803614
std: 0.013198107576852436
CJS time: 1.897629