err: 0.059116394669847055
std: 0.013120972660082763
CJS time: 1.731384