err: 0.059041633009205945
std: 0.013526202038497446
CJS time: 1.691264