err: 2.098575385624402
std: 1.2910880092479806
CJS time: 3.033307