err: 2.015580170709301
std: 1.389335346347728
CJS time: 2.962735