err: 36889.43121541327
std: 52165.99799869469
CJS time: 2.677998