err: 2.098632635254408
std: 1.2910825162064434
CJS time: 3.045323