err: 2.126595163792373
std: 1.335735052996791
CJS time: 3.079699