err: 2.574750135188201
std: 2.355576150484941
CJS time: 2.59582