err: 2.5717164532989827
std: 2.372936025623369
CJS time: 2.590366