err: 2.525351056189114
std: 2.3655857397540014
CJS time: 2.294255