err: 2.5244264301391084
std: 2.368667332703202
CJS time: 2.321475