err: 1.463226593338349
std: 1.692288375479363
CJS time: 3.609595