err: 1.4476462797580665
std: 1.6692919855061255
CJS time: 3.733199