err: 1.4471519597107594
std: 1.667695162369754
CJS time: 3.623026