err: 1.4514526358451607
std: 1.6881011479987655
CJS time: 3.996709