err: 1.456267801361769
std: 1.6673813609538728
CJS time: 3.857545