err: 1.4509610996110165
std: 1.6703064004747445
CJS time: 3.659116