err: 1.4534310084459836
std: 1.6753637867711433
CJS time: 3.684705