err: 1.4450412836300859
std: 1.6696285803243223
CJS time: 3.605911