err: 1.4438430355301317
std: 1.6699969721596473
CJS time: 3.741384