err: 0.6117726764842751
std: 0.3435144092155375
CJS time: 1.07224