err: 0.6106444473688527
std: 0.34512010752646916
CJS time: 1.134622