err: 0.6121216307159616
std: 0.3427692885332143
CJS time: 1.261156