err: 0.6107513890738091
std: 0.3437396364407781
CJS time: 1.234392