err: 0.6113257774915003
std: 0.3439929686657647
CJS time: 1.248413