err: 0.6107103298286187
std: 0.3444940181382926
CJS time: 1.223326