err: 0.6106368114479083
std: 0.34341608341549706
CJS time: 1.264459