err: 0.6117867207502895
std: 0.34389946076227923
CJS time: 1.047931