err: 0.6133304198367052
std: 0.3462416249890285
CJS time: 1.103383