err: 11936464689.832073
std: 23872929372.508064
CJS time: 10.02314