err: 2.8078774461238654
std: 2.5302455004271507
CJS time: 10.43575