err: 2.534112534785736
std: 2.1954099130802436
CJS time: 9.66202