err: 2.7943216269138085
std: 2.5057852412162864
CJS time: 10.36575