err: 1.3133905808375645e+26
std: 3.592217692451561e+26
CJS time: 39.40151