err: 3.876336682812943
std: 3.511471343176257
CJS time: 34.02965