err: 1.7177575663203686
std: 1.565805178330973
CJS time: 48.11012