err: 3534813.4416069845
std: 10604429.069204561
CJS time: 37.64261