err: 2.591383972802393e+66
std: 7.76800257148828e+66
CJS time: 57.76572