err: 1.822782651518758
std: 1.7271927015946833
CJS time: 40.82717