err: 1.7330267779410207
std: 1.5905588085756823
CJS time: 46.32259