err: 24929965910.38579
std: 74789897726.188
CJS time: 42.42769