err: 6.803653788748559e+19
std: 1.8214404789672064e+20
CJS time: 1.008196