err: 1.709476751601975
std: 1.8150874797210497
CJS time: 52.80626