err: 3.8319859445456657
std: 3.4564197204153615
CJS time: 35.07107