err: 22103.70958435213
std: 66302.16707564441
CJS time: 34.11701