err: 0.924985139405571
std: 1.6191695586073342
CJS time: 2.014123