err: 0.9314530338819916
std: 1.6384894046044547
CJS time: 2.07485