err: 0.9205213459585186
std: 1.6192798182541233
CJS time: 2.225399