err: 0.8950202650147602
std: 1.5784569932121604
CJS time: 2.125777