err: 0.9456382682913139
std: 1.6917743678499553
CJS time: 2.103012