err: 0.9888482641082433
std: 1.7678277730191334
CJS time: 2.080236