err: 0.9967916862467758
std: 1.7193310838408424
CJS time: 2.02712