err: 0.912214967006508
std: 1.6520769056551647
CJS time: 2.089746