err: 0.9722445272487826
std: 1.6083591735434013
CJS time: 2.119052