err: 0.9850635411854668
std: 1.081796376662158
CJS time: 2.253318