err: 2.5683406119813386
std: 2.4235804224146564
CJS time: 2.52261