err: 2.551093684459773
std: 2.365635774164889
CJS time: 2.520365