err: 2.581938812722582
std: 2.4582520565887607
CJS time: 2.548929