err: 2.551257253644846
std: 2.3659366293375137
CJS time: 2.549038