err: 0.6111856537387318
std: 0.34197079748276066
CJS time: 4.631947