err: 0.6313783265486584
std: 0.3480301132715263
CJS time: 3.648278