err: 0.6306635635167491
std: 0.34860550970540294
CJS time: 3.700989