err: 0.6313909978257145
std: 0.3478384005705869
CJS time: 3.67948