err: 0.6318249495375808
std: 0.34768158291342055
CJS time: 3.624073