err: 0.6304759527107143
std: 0.348541462871058
CJS time: 3.925929