err: 0.6311100111340687
std: 0.3484253626365623
CJS time: 4.25767