err: 0.6109354131553345
std: 0.3422685864303011
CJS time: 4.018691