err: 0.6112314999512369
std: 0.34211788211238897
CJS time: 4.412813