err: 0.6111379086563928
std: 0.34219034057507863
CJS time: 4.756307