err: 1.4533068408274303
std: 1.674109792022674
CJS time: 27.99465