err: 1.4548907978387118
std: 1.6555488222821781
CJS time: 25.5309