err: 1.4678189493646137
std: 1.6861156586518105
CJS time: 25.73848