err: 1.4545186675788213
std: 1.661329436674942
CJS time: 26.82789