err: 1.4642251173949112
std: 1.6853654417560007
CJS time: 26.82286