err: 1.4382319453368217
std: 1.6518482135864467
CJS time: 26.55885