err: 1.4494970722328067
std: 1.6619439496340966
CJS time: 26.88635