err: 1.4448540185274077
std: 1.6586451436700138
CJS time: 27.76058