err: 0.06116312370090458
std: 0.08059323113512551
CJS time: 12.45755