err: 0.04517608927042746
std: 0.07434404375520015
CJS time: 11.85312