err: 0.06469688446975543
std: 0.1207643091856383
CJS time: 11.38863