err: 0.08237557190205382
std: 0.15907733701904386
CJS time: 11.09713