err: 0.07381416874966032
std: 0.12537134868565916
CJS time: 13.5825