err: 1.7935702519532253
std: 1.598443675252024
CJS time: 30.95434