err: 5209415670836072.0
std: 1.5628247012508208e+16
CJS time: 28.47862