err: 1.8547066359267965
std: 1.7229205279361854
CJS time: 38.83326