err: 1.569020781124172
std: 1.4059983469749242
CJS time: 29.64285