err: 3.542522973389336
std: 3.1179371371822224
CJS time: 25.73621