err: 3703827.973021011
std: 11110047.30386474
CJS time: 30.28156