err: 632480947.2331207
std: 1661074016.6218033
CJS time: 32.41665