err: 3.5481390208042844
std: 2.963126085335207
CJS time: 25.92288