err: 7.44016064794871e+17
std: 2.232048194384613e+18
CJS time: 27.50129