err: 1.6011493003551878
std: 1.424857893143544
CJS time: 31.46044