err: 1.7372256173874352
std: 1.624317094018356
CJS time: 37.79383