err: 9905013515196496.0
std: 2.9104478571353756e+16
CJS time: 27.45321