err: 3.780602909982426
std: 3.32646017117659
CJS time: 25.88174