err: 5.810209821550793e+17
std: 1.743062946465238e+18
CJS time: 40.29347