err: 0.9882693688938079
std: 1.1214958661380237
CJS time: 4.527628