err: 0.9120028283300577
std: 1.3901976942465895
CJS time: 4.798921