err: 1.0731738507633481
std: 1.710357063942413
CJS time: 4.652155