err: 1.3696964171613069
std: 2.2626005615638367
CJS time: 4.592311