err: 0.9608407279282267
std: 1.6971846950676193
CJS time: 4.876755