err: 1.0545222612397496
std: 1.778339740389166
CJS time: 4.930296