err: 0.9378554232094598
std: 1.6880174955517717
CJS time: 4.948961