err: 1.035481793555067
std: 1.753267459489879
CJS time: 4.835683