err: 0.9478338867396676
std: 1.6208328960020808
CJS time: 4.745693