err: 1.1424878236406306
std: 0.9403920420838539
CJS time: 0.2813156