err: 0.008268161635649852
std: 0.007529515904874258
CJS time: 19.79512