err: 0.008109345740331564
std: 0.007404259198941365
CJS time: 21.59028