err: 0.008422618093629665
std: 0.007736005702392745
CJS time: 19.87426