err: 0.008187180713272702
std: 0.007483564608461782
CJS time: 21.77228