err: 0.00849418846483505
std: 0.007422121040840892
CJS time: 19.23486