err: 0.00896756166558734
std: 0.007177574019744978
CJS time: 19.77524