err: 0.008151152801777476
std: 0.0075003378154273
CJS time: 20.55847