err: 0.008586607539558927
std: 0.007129590134718926
CJS time: 19.87493