err: 0.008393219329811182
std: 0.007697690389798121
CJS time: 20.4143