err: 0.008856967906460645
std: 0.00720908990415779
CJS time: 20.60282