err: 0.008285495583500776
std: 0.007332542288860961
CJS time: 20.48513