err: 1.4388744607507602
std: 1.6610243391211368
CJS time: 4.392403