err: 1.4521881822571931
std: 1.682062549880119
CJS time: 4.38927