err: 1.4443195500770127
std: 1.673095672042071
CJS time: 4.502059