err: 1.452147623946071
std: 1.676822680726118
CJS time: 4.289042