err: 1.448969866787547
std: 1.6716304434469456
CJS time: 4.469709