err: 1.4427870498491047
std: 1.6655648198294697
CJS time: 5.192915