err: 1.4673464787391042
std: 1.6744654265581926
CJS time: 5.10275