err: 1.4432666676731525
std: 1.6675303777966564
CJS time: 5.170985