err: 1.4503348153297253
std: 1.6616749257454704
CJS time: 5.033041