err: 0.34069111502829785
std: 0.23739682852151858
CJS time: 6.084722