err: 0.366013116704447
std: 0.22101667998249164
CJS time: 6.072434