err: 0.35082833562906984
std: 0.2730869028458996
CJS time: 5.45996