err: 0.2915523988934679
std: 0.16790377142683274
CJS time: 6.500861