err: 0.35954008656133607
std: 0.22058507389706503
CJS time: 6.96832