err: 0.3414141941988122
std: 0.24317633300097694
CJS time: 5.750691