err: 0.611006669573091
std: 0.34217743701185344
CJS time: 0.9281113