err: 0.05920709577136057
std: 0.013658727092350137
CJS time: 0.2541766