err: 0.3882233696018145
std: 0.25237596584322847
CJS time: 3.381264