err: 0.17859821054948397
std: 0.1416979479346304
CJS time: 2.480386