err: 0.31301538260549977
std: 0.1858374080023622
CJS time: 3.130209