err: 0.34799787445035446
std: 0.23969829732427514
CJS time: 3.12282