err: 0.30189680274797387
std: 0.18309339991847468
CJS time: 3.729242