err: 0.8618941687268702
std: 1.5843316647894323
CJS time: 1.280894