err: 0.9280168478610776
std: 1.6075532092046438
CJS time: 1.269673