err: 0.8720001340493857
std: 1.620868027741447
CJS time: 1.249048