err: 0.9344775068780845
std: 1.6790150043757797
CJS time: 1.252942