err: 1.0276389056684125
std: 1.8121675779094035
CJS time: 1.28764