err: 0.9410802244344328
std: 1.6867274773386367
CJS time: 1.28992