err: 0.8956173757090183
std: 1.606694094679905
CJS time: 1.243736