err: 0.8569760598179221
std: 1.5579390892090013
CJS time: 1.228763