err: 0.26499593227072166
std: 0.17684885224585012
CJS time: 2.196428