err: 0.27201815614513597
std: 0.22882674429035776
CJS time: 2.147732