err: 0.25383460907226524
std: 0.156824669288313
CJS time: 2.126815