err: 0.2882493877603249
std: 0.2763509116086628
CJS time: 2.136208