err: 0.28249311394391213
std: 0.24878769484787716
CJS time: 2.13072