err: 0.29204466773675025
std: 0.27763775244569433
CJS time: 2.020899