err: 0.91712085220961
std: 1.6204236206423297
CJS time: 6.431675