err: 1.0498997839964745
std: 1.7405219088073292
CJS time: 6.448034