err: 0.9326425892505812
std: 1.6613063604339524
CJS time: 6.404411