err: 0.9403526899746488
std: 1.6229836346373805
CJS time: 6.647731