err: 0.963792053071415
std: 1.6023266107841145
CJS time: 6.395558