err: 1.1210934694219612
std: 1.851535180059569
CJS time: 6.845369