err: 0.9364022802110945
std: 1.6504503634902163
CJS time: 6.680207