err: 4108526.512693165
std: 9186941.421111105
CJS time: 6.45146