err: 0.15712399382764566
std: 0.11456706393381805
CJS time: 1.036958