err: 0.02959842081941333
std: 0.011569892477043695
CJS time: 1.052547