err: 0.1803733016370436
std: 0.14368168206482115
CJS time: 1.130764