err: 0.04030231041508528
std: 0.011033999690745101
CJS time: 1.415395