err: 0.012274133447503707
std: 0.013460817215569144
CJS time: 1.362054