err: 0.05714858459194406
std: 0.09471909543036171
CJS time: 11.79808