err: 0.06023925846425324
std: 0.11094350162444067
CJS time: 12.22658