err: 0.07480695841672266
std: 0.13557735986448483
CJS time: 12.88899