err: 0.07814272344903843
std: 0.15019691647796088
CJS time: 12.68962