err: 0.07049564672758585
std: 0.12755591638350233
CJS time: 12.92368