err: 0.6115414326021096
std: 0.3431406400345389
CJS time: 17.08433