err: 0.6107668148045649
std: 0.3430488277747788
CJS time: 17.63598