err: 0.6105181320453662
std: 0.3427131506946538
CJS time: 16.76906