err: 0.6116583135480124
std: 0.3424218655149552
CJS time: 13.87204