err: 0.6121917362438387
std: 0.34236672143459435
CJS time: 14.62811