err: 0.6312155410416583
std: 0.34855087225196146
CJS time: 9.687912