err: 0.6107378189888014
std: 0.3437726108727669
CJS time: 13.99491