err: 0.6318188143672038
std: 0.3487190875015602
CJS time: 11.88479