err: 0.6113587641498816
std: 0.3428470254515662
CJS time: 15.024