err: 0.6115405969075612
std: 0.3431873873198498
CJS time: 13.93027