err: 1.1442155285759534
std: 1.8741736131952276
CJS time: 3.185495