err: 0.9263263030269796
std: 1.6391783494547847
CJS time: 3.418475