err: 1.041950189824125
std: 1.708692160687953
CJS time: 3.212033