err: 0.9095456130618983
std: 1.6003459648225231
CJS time: 3.321388