err: 0.9054375090764754
std: 1.6561195245173983
CJS time: 3.354298