err: 0.7378880075413137
std: 1.1209886364057327
CJS time: 3.563897