err: 1.0983502237871805
std: 1.9409269009023393
CJS time: 3.321733