err: 1.104277092173078
std: 1.8584925194690796
CJS time: 3.400015