err: 0.9697317874331474
std: 1.812782611119016
CJS time: 3.295006