err: 1.0880174077805445
std: 1.7757201928711568
CJS time: 3.395474