err: 0.9323002415432159
std: 1.542605075894835
CJS time: 3.358316