err: 0.8917824325703013
std: 1.6258724148620287
CJS time: 3.390826