err: 1.0468870545350648
std: 1.9083029525507218
CJS time: 3.202946