err: 1.5460204628712468
std: 1.426491016718378
CJS time: 1.885205