err: 1.6010136461811704
std: 1.4997329474184982
CJS time: 1.981682