err: 1.5493306461906393
std: 1.4349251242576022
CJS time: 2.000386