err: 1.6179748618313847
std: 1.5103620168809941
CJS time: 1.836891