err: 1.538802646968561
std: 1.4252376664903386
CJS time: 1.944489