err: 1.8289562526553076
std: 1.8217066798243176
CJS time: 1.878101