err: 1.5802486690940643
std: 1.4662154806064058
CJS time: 1.888088