err: 1.5325559378051614
std: 1.424387518328014
CJS time: 1.898126