err: 1.5545209089480392
std: 1.458708815608481
CJS time: 1.784358