err: 1.553204634576574
std: 1.4284853238924624
CJS time: 2.022489