err: 1.6467358493868562
std: 1.4754041952201458
CJS time: 1.893978