err: 1.5736628572893596
std: 1.4594292961565989
CJS time: 1.894251