err: 1.5263443754615227
std: 1.377255936150111
CJS time: 1.825787