err: 0.26333795395158677
std: 0.18797333004828345
CJS time: 2.260828