err: 0.32658150650377143
std: 0.2371706595012533
CJS time: 2.301656