err: 1.1377771808985633
std: 0.9360970306233817
CJS time: 0.686743