err: 1.14109593192928
std: 0.9374648905857812
CJS time: 0.6482332