err: 1.1411665629564087
std: 0.940131909167993
CJS time: 0.6501689