err: 1.127873600602433
std: 0.927180044337879
CJS time: 0.6305034