err: 1.1415781344658342
std: 0.9396464563147494
CJS time: 0.6344004