err: 1.1354718694926142
std: 0.9353787719002897
CJS time: 0.62079