err: 1.135510436588195
std: 0.9362523912996042
CJS time: 0.6369934