err: 1.1369906589840306
std: 0.93623260750886
CJS time: 0.6488905