err: 1.1368372602802586
std: 0.9358976997592191
CJS time: 0.6221175