err: 1.1217110750955932
std: 1.927452293908791
CJS time: 3.323437