err: 0.9723318466060776
std: 1.6785118241393182
CJS time: 3.377849