err: 1.1114828571769848
std: 1.8318619401451917
CJS time: 3.373653