err: 1.029256867086669
std: 1.7272381627681261
CJS time: 3.244953