err: 0.921743842668506
std: 1.6508872297373698
CJS time: 3.279009