err: 0.9910085970322934
std: 1.7085502053316415
CJS time: 3.402868