err: 1.0313663532685193
std: 1.6525141237382035
CJS time: 3.574117