err: 0.021003647807041576
std: 0.011004027818201846
CJS time: 0.7825563