err: 0.02225956745165988
std: 0.012670482012359976
CJS time: 0.8832166