err: 0.059071545317187744
std: 0.014158487822677738
CJS time: 0.7819231