err: 2.7027036110807225
std: 2.3424567752878405
CJS time: 4.7661