err: 3.2270919041689607
std: 3.533461835078419
CJS time: 4.755711