err: 2.39109669687502
std: 1.8099367167205627
CJS time: 4.616691