err: 2.3346753979446633
std: 1.8059028190323794
CJS time: 4.3415