err: 2.938880949349911
std: 2.6919648207563576
CJS time: 4.688585