err: 1.4703494135235506
std: 1.6898713834036645
CJS time: 24.97943