err: 1.4443291159484086
std: 1.6749765025388965
CJS time: 27.22971