err: 1.4749175746140684
std: 1.6856475895542642
CJS time: 25.41228