err: 1.4513282927976046
std: 1.6696392242087075
CJS time: 27.01453