err: 2.1444718112375662
std: 1.8187555904581147
CJS time: 15.90631