err: 1.4546591386377683
std: 1.681632667899999
CJS time: 25.91074