err: 1.4581175411596063
std: 1.6844921737105485
CJS time: 25.41138