err: 1.4331393323474562
std: 1.6494325415764788
CJS time: 27.77058