err: 1.453085603411275
std: 1.6671204420591752
CJS time: 23.31422