err: 1.4506213110113857
std: 1.669611514061897
CJS time: 25.78648