err: 1.4558917633689297
std: 1.6676758748263352
CJS time: 26.58414