err: 1.4519740043663245
std: 1.6520946235884293
CJS time: 27.63581