err: 7.210110448679851e+24
std: 1.971886896431894e+25
CJS time: 24.39245