err: 26901730.11325433
std: 45849125.88117619
CJS time: 36.58767