err: 1.4091915953607642e+17
std: 2.7699528117023674e+17
CJS time: 41.20872