err: 443446245798.33856
std: 597757567944.5076
CJS time: 38.47771