err: 0.061213735883563464
std: 0.06801055384327746
CJS time: 0.2982092