err: 1.4438400659467396
std: 1.6751025163827828
CJS time: 1.333274