err: 1.444176060456058
std: 1.6709951796534077
CJS time: 1.350791