err: 1.442124730368506
std: 1.6699160225092977
CJS time: 1.414186