err: 1.4457338544367495
std: 1.6644601248402688
CJS time: 1.361638