err: 1.4439035988088
std: 1.6714654194768166
CJS time: 1.308167