err: 1.4423513212441292
std: 1.6676137540493159
CJS time: 1.433196