err: 1.4508092632063871
std: 1.6795476390303403
CJS time: 1.324077