err: 1.4465278651662383
std: 1.6715230555787697
CJS time: 1.337206