err: 1.4556567109064447
std: 1.6760621560476696
CJS time: 1.419363