err: 1.4438711620506788
std: 1.671032434190647
CJS time: 1.3973