err: 0.8859030265508615
std: 1.6143298629321332
CJS time: 0.8757708