err: 0.8817878583190599
std: 1.6173681443599552
CJS time: 0.8665702