err: 0.9088704430583463
std: 1.639057642504043
CJS time: 0.8572907