err: 0.8777064931335848
std: 1.5974294259891442
CJS time: 0.8606825