err: 0.8851127961711541
std: 1.6351505677828146
CJS time: 0.8593185