err: 0.8890153983551318
std: 1.6152448407501068
CJS time: 0.8566079