err: 0.8992964743803616
std: 1.6160705748894484
CJS time: 0.874896