err: 0.8903587453395527
std: 1.6238275768660475
CJS time: 0.8796034