err: 0.8863289985444877
std: 1.6435895801120763
CJS time: 0.8449295