err: 0.49493558249507014
std: 0.3289452263351987
CJS time: 7.677831