err: 0.5231374225938914
std: 0.32097572762820675
CJS time: 6.587949