err: 0.5923897931592907
std: 0.3509359145633455
CJS time: 7.234382