err: 0.8721112790154837
std: 0.41073681484882646
CJS time: 6.085424