err: 0.5511907887541648
std: 0.3134088419116978
CJS time: 21.54361