err: 0.5065466221738092
std: 0.3223616063702309
CJS time: 22.75886