err: 0.5317048818744207
std: 0.3187475475035601
CJS time: 18.25564