err: 0.05920714011530489
std: 0.013649235493764901
CJS time: 0.5456574