err: 0.05906907073109564
std: 0.013638176753270748
CJS time: 0.5028617