err: 0.05918406035347118
std: 0.013608982850080767
CJS time: 0.5158463