err: 0.05917985858953876
std: 0.013708628630174604
CJS time: 0.5499973