err: 0.059189194963564694
std: 0.013650151499379681
CJS time: 0.5286942