err: 0.05933126492037852
std: 0.013831586123491819
CJS time: 0.534596