err: 0.05923744682920116
std: 0.013694455634043099
CJS time: 0.4876518