err: 0.05913552306115231
std: 0.01345987253201612
CJS time: 0.5190775