err: 0.05878089282840881
std: 0.013948688012390001
CJS time: 0.523267