err: 0.05868470597785672
std: 0.014001463785332348
CJS time: 0.529047