err: 0.0592508611303062
std: 0.013718373361418354
CJS time: 0.5380633