err: 0.059168704408567065
std: 0.013683178728910153
CJS time: 0.5336771